1 0.3522890625 0.3361527777777778 0.055703125 0.21077777777777776
0 0.658390625 0.058875000000000004 0.02121875 0.041805555555555554
0 0.6865546874999999 0.2676527777777778 0.026187500000000002 0.03197222222222222
1 0.7085781250000001 0.2875972222222222 0.052351562500000004 0.114
0 0.29103124999999996 0.22440277777777776 0.01690625 0.026180555555555558
0 0.598421875 0.30751388888888886 0.01209375 0.02359722222222222
0 0.3684609375 0.2743333333333334 0.016398437499999998 0.02647222222222222
1 0.6819765624999999 0.04818055555555555 0.0479765625 0.09268055555555556
1 0.6034921875 0.3225277777777778 0.0271015625 0.08887500000000001
1 0.219390625 0.034361111111111106 0.062054687500000004 0.06872222222222221
1 0.284296875 0.2696527777777778 0.022421875 0.0647638888888889