0 0.959171875 0.20354166666666668 0.0435625 0.05397222222222222
0 0.29353125 0.9644305555555556 0.0290546875 0.05280555555555556
0 0.6346328125 0.171 0.04046875 0.07272222222222222
1 0.3482421875 0.9518472222222223 0.10230468749999999 0.08980555555555556
1 0.6743125 0.06690277777777778 0.10232812499999999 0.13379166666666667
1 0.3894140625 0.799375 0.08546875000000001 0.14430555555555558
0 0.36843750000000003 0.44879166666666664 0.0669765625 0.131625
1 0.9805703125 0.08676388888888889 0.038859375 0.17352777777777778
1 0.30050781249999997 0.5789722222222222 0.0736640625 0.09497222222222222
1 0.177859375 0.9333333333333333 0.0351953125 0.03677777777777778
0 0.4026328125 0.3587916666666666 0.025484374999999997 0.05741666666666667
1 0.3165703125 0.8922916666666667 0.05071875 0.0746388888888889
1 0.98221875 0.12856944444444443 0.0355546875 0.09551388888888888
1 0.3947421875 0.32979166666666665 0.0397265625 0.11955555555555555
1 0.2595078125 0.7252777777777778 0.050375 0.17943055555555557
1 0.1025859375 0.6109722222222221 0.08589843750000001 0.2042777777777778
1 0.20714843749999998 0.8261944444444445 0.0514140625 0.12958333333333333