1 0.035703125 0.09766666666666665 0.0710390625 0.1952361111111111
0 0.091125 0.2042777777777778 0.0285625 0.03866666666666667
0 0.6605703125 0.08261111111111111 0.0426796875 0.07024999999999999
0 0.5958203125 0.013222222222222222 0.0352265625 0.026444444444444444
0 0.078859375 0.07213888888888889 0.0366640625 0.04081944444444444
0 0.4941640625 0.11449999999999999 0.0246953125 0.03952777777777778
0 0.2114609375 0.04565277777777777 0.0171796875 0.029055555555555557
0 0.1817578125 0.041180555555555554 0.017984375 0.014388888888888889
0 0.014320312499999998 0.22256944444444443 0.028648437500000002 0.027097222222222224
1 0.509578125 0.043986111111111115 0.0556171875 0.08795833333333333
1 0.20846874999999998 0.024472222222222225 0.029945312499999998 0.04623611111111111
1 0.1447890625 0.014194444444444445 0.043875 0.02838888888888889
0 0.14253906249999998 0.020291666666666666 0.007976562500000001 0.012194444444444444