1 0.1667734375 0.7374305555555556 0.206296875 0.49798611111111113
0 0.9472734375 0.5196666666666667 0.1054609375 0.11480555555555555
1 0.5994453125 0.5027361111111112 0.396390625 0.9921388888888889
0 0.4298515625 0.5146805555555556 0.0556171875 0.07147222222222223
1 0.9714296875 0.8390277777777778 0.0571484375 0.32195833333333335
0 0.18837500000000001 0.6967222222222222 0.057398437499999996 0.09006944444444444
0 0.3217265625 0.01526388888888889 0.0128203125 0.030194444444444444
0 0.093640625 0.013888888888888888 0.0114921875 0.018250000000000002
0 0.266625 0.028916666666666667 0.0105859375 0.020513888888888887
0 0.01140625 0.04594444444444444 0.0165703125 0.02436111111111111
0 0.1112734375 0.08677777777777777 0.013109375000000001 0.01911111111111111
1 0.1004765625 0.05668055555555556 0.0269296875 0.049958333333333334
0 0.396 0.16701388888888888 0.0139296875 0.033944444444444444
0 0.051007812500000006 0.10618055555555556 0.0142734375 0.020277777777777777
0 0.0627890625 0.01176388888888889 0.0098515625 0.012680555555555556
0 0.014203125 0.5255694444444445 0.0202890625 0.03208333333333334
1 0.2687734375 0.010875 0.0160625 0.021222222222222222
0 0.41345312500000003 0.09890277777777777 0.0208046875 0.04004166666666666