1 0.9053125 0.7804305555555555 0.1893828125 0.43912500000000004
0 0.823796875 0.7402500000000001 0.053515625 0.08509722222222223
0 0.5006406250000001 0.9470833333333333 0.05532812499999999 0.07765277777777778
0 0.3279375 0.2893888888888889 0.0295390625 0.03644444444444444
0 0.75575 0.22641666666666668 0.022765625 0.03048611111111111
1 0.6960546875 0.1953611111111111 0.041390625 0.12530555555555556
0 0.8385 0.4175138888888889 0.0442421875 0.05568055555555556
0 0.7246484375 0.2667361111111111 0.014015625 0.022569444444444444
0 0.0517109375 0.7451111111111112 0.0745 0.08666666666666667
1 0.0230078125 0.7713888888888889 0.04509375 0.07472222222222222
0 0.6798046875 0.2551805555555555 0.013218750000000001 0.017055555555555553
1 0.48726562500000004 0.9818472222222222 0.10357812500000001 0.036291666666666667
1 0.8454062499999999 0.36318055555555556 0.0561484375 0.05427777777777777
1 0.30396875 0.27237500000000003 0.051296875 0.09240277777777778
1 0.8167109375000001 0.2516527777777778 0.070921875 0.14773611111111112