1 0.47178125 0.8319444444444445 0.101640625 0.33611111111111114
1 0.7660312499999999 0.7569722222222222 0.2740703125 0.4860555555555555
0 0.63346875 0.639375 0.0456171875 0.08031944444444444
0 0.446265625 0.722625 0.033265625 0.042222222222222223
1 0.3005546875 0.48044444444444445 0.044921875 0.15384722222222222
0 0.633640625 0.19933333333333333 0.020109375 0.034125
0 0.6530625 0.09995833333333333 0.022046875 0.045
1 0.1684765625 0.3685833333333333 0.0323671875 0.07526388888888888
0 0.3064453125 0.45818055555555554 0.010499999999999999 0.01886111111111111
0 0.14356249999999998 0.43733333333333335 0.01540625 0.029486111111111112
0 0.18315625 0.3690277777777778 0.013398437499999999 0.026236111111111113