0 0.9676328125 0.4859722222222222 0.064734375 0.10487500000000001
0 0.53840625 0.05898611111111111 0.019171874999999998 0.02886111111111111
0 0.5649296875 0.3826111111111111 0.05061718750000001 0.06283333333333334
0 0.4015625 0.5073472222222223 0.0428515625 0.060708333333333336
0 0.1276328125 0.27194444444444443 0.0103671875 0.015652777777777776
0 0.08744531250000001 0.34258333333333335 0.017078125 0.019194444444444445
0 0.252046875 0.33876388888888886 0.011539062499999999 0.012944444444444444
1 0.7855000000000001 0.5485416666666667 0.3846171875 0.732
1 0.430265625 0.5496527777777778 0.11492187499999999 0.3014861111111111
1 0.24422656250000002 0.32079166666666664 0.031640625 0.07269444444444445
1 0.1133203125 0.27905555555555556 0.0211328125 0.09269444444444444