1 0.3575859375 0.08365277777777777 0.07490625 0.16730555555555554
1 0.24378125 0.11538888888888889 0.0774765625 0.1952638888888889
1 0.3608671875 0.6048611111111111 0.05730468749999999 0.20120833333333335
0 0.7223515625 0.5802083333333333 0.0236875 0.034874999999999996
0 0.7012343750000001 0.3250416666666667 0.0302734375 0.044194444444444446
1 0.734140625 0.3179166666666667 0.065234375 0.17077777777777778
0 0.2797421875 0.11565277777777777 0.0177265625 0.03983333333333333
1 0.7454296874999999 0.6035416666666666 0.0351796875 0.08922222222222222
0 0.306390625 0.4544722222222223 0.014828125000000001 0.030875
0 0.37634375000000003 0.5337083333333333 0.0209140625 0.029791666666666664
0 0.624203125 0.6341944444444445 0.014609374999999999 0.02326388888888889
0 0.34669531249999996 0.048624999999999995 0.014937500000000001 0.02773611111111111