0 0.9598125 0.3797638888888889 0.07811718749999999 0.09959722222222221
0 0.5588046875 0.3217083333333333 0.035015625 0.05697222222222223
0 0.4001328125 0.4329861111111111 0.0368828125 0.06238888888888889
0 0.134640625 0.21640277777777778 0.011835937500000001 0.017416666666666667
0 0.09616406250000001 0.28480555555555553 0.0096796875 0.015708333333333335
0 0.5349296875 0.014374999999999999 0.0140625 0.014902777777777779
1 0.7792578125 0.3465 0.4402109375 0.6671944444444444
1 0.42553906250000006 0.4262916666666667 0.09326562499999999 0.20972222222222223
1 0.25046875 0.26090277777777776 0.0403515625 0.08733333333333333
1 0.1212734375 0.2122777777777778 0.0342421875 0.053625
0 0.2564296875 0.2815972222222222 0.0122578125 0.022152777777777778