0 0.5091249999999999 0.025152777777777777 0.0374921875 0.050305555555555555
0 0.5664296875 0.07102777777777777 0.046054687500000004 0.10447222222222222
0 0.42330468750000005 0.10052777777777777 0.0241171875 0.06756944444444445
0 0.041109375 0.21856944444444446 0.030195312499999998 0.03863888888888889
0 0.14254687500000002 0.06970833333333333 0.0248046875 0.03188888888888889
0 0.110484375 0.06981944444444445 0.023828125 0.017777777777777778
0 0.014320312499999998 0.10980555555555556 0.028648437500000002 0.05816666666666667
1 0.0793515625 0.03704166666666667 0.0938984375 0.07406944444444444
1 0.430828125 0.041666666666666664 0.036125000000000004 0.08333333333333333
1 0.6029375 0.03934722222222222 0.086078125 0.07870833333333334
1 0.013671875 0.1802222222222222 0.02734375 0.0654861111111111