0 0.5537734375000001 0.16627777777777777 0.0338125 0.058249999999999996
0 0.053937500000000006 0.16186111111111112 0.039203125 0.04666666666666667
0 0.43647656250000005 0.1897222222222222 0.0180078125 0.04708333333333333
1 0.582703125 0.07508333333333334 0.14265624999999998 0.15018055555555554
0 0.118234375 0.2765972222222222 0.025289062499999997 0.03559722222222222
0 0.5111171875 0.08155555555555555 0.0352109375 0.08075
1 0.44578125 0.11983333333333333 0.028187499999999997 0.09508333333333333
0 0.177890625 0.12486111111111112 0.020023437499999998 0.03138888888888889
0 0.029031249999999998 0.2930416666666667 0.026328125 0.02175
0 0.1475078125 0.12479166666666666 0.0146640625 0.025666666666666667
1 0.0768203125 0.14863888888888888 0.15364843749999998 0.2972916666666667
0 0.09878125 0.10145833333333333 0.0106328125 0.023125