0 0.5867890625000001 0.01563888888888889 0.018437500000000002 0.03023611111111111
0 0.5776796875 0.09406944444444446 0.024773437500000002 0.043305555555555555
0 0.1527265625 0.2900277777777778 0.014859375 0.027083333333333334
0 0.11253125 0.35698611111111106 0.0182421875 0.03602777777777778
0 0.42410156250000003 0.58125 0.045765625 0.08354166666666667
0 0.583203125 0.45394444444444443 0.03471875 0.05243055555555556
0 0.9935390625 0.5975694444444445 0.0129140625 0.07790277777777778
1 0.1400625 0.30006944444444444 0.030125000000000002 0.09627777777777777
1 0.2696328125 0.3571111111111111 0.0355078125 0.10522222222222223
1 0.438921875 0.6340972222222222 0.0908984375 0.29131944444444446
1 0.80078125 0.6354166666666666 0.3984375 0.7291666666666666
0 0.27784375 0.3685555555555556 0.01328125 0.03075