1 0.7268749999999999 0.10111111111111111 0.1007421875 0.15531944444444445
0 0.24334375000000003 0.20777777777777778 0.027476562500000003 0.041694444444444444
1 0.20519531249999998 0.22363888888888891 0.087296875 0.15095833333333333
0 0.6709609375000001 0.13131944444444443 0.0394765625 0.068875
0 0.1615546875 0.18831944444444446 0.023203124999999998 0.03251388888888889
1 0.569609375 0.16815277777777776 0.04815625 0.10102777777777777
0 0.61940625 0.00963888888888889 0.0346328125 0.01927777777777778
0 0.16296875 0.007597222222222222 0.0307109375 0.015152777777777777
1 0.12975 0.20890277777777777 0.0438515625 0.08069444444444444
1 0.1264921875 0.006027777777777778 0.05175 0.01148611111111111
0 0.55178125 0.16486111111111112 0.0244609375 0.05801388888888889