0 0.49521875 0.09754166666666667 0.028953125000000003 0.06358333333333334
1 0.0470234375 0.10127777777777779 0.0936953125 0.19141666666666665
0 0.66271875 0.06801388888888889 0.05194531249999999 0.09299999999999999
0 0.10112499999999999 0.1971111111111111 0.0270703125 0.043180555555555555
0 0.5944375 0.01359722222222222 0.0366640625 0.027180555555555555
0 0.2149375 0.042763888888888886 0.01934375 0.03252777777777778
0 0.1862265625 0.03766666666666667 0.0162265625 0.02188888888888889
0 0.0823125 0.06680555555555556 0.0443671875 0.057375
0 0.016117187499999998 0.21713888888888888 0.0322265625 0.02752777777777778
0 0.14645312500000002 0.022611111111111113 0.005921875 0.006861111111111111
1 0.1704296875 0.018236111111111113 0.0204765625 0.036458333333333336
1 0.50253125 0.03386111111111111 0.0480234375 0.06770833333333333
1 0.70096875 0.02344444444444444 0.095296875 0.046875