1 0.5857187500000001 0.4627361111111111 0.20516406250000002 0.26080555555555557
0 0.7327890625 0.7445138888888888 0.049328125 0.07133333333333333
0 0.15228906250000002 0.442125 0.041273437499999996 0.06726388888888889
0 0.2755078125 0.6120694444444444 0.0320390625 0.058333333333333334
0 0.55840625 0.13780555555555554 0.0218359375 0.033041666666666664
0 0.3633984375 0.6923888888888888 0.08257031249999999 0.12933333333333333
1 0.078421875 0.20370833333333332 0.15684375 0.4074027777777778
0 0.187875 0.2200138888888889 0.06696875 0.07266666666666667
0 0.3522421875 0.07743055555555556 0.0325 0.048833333333333326
1 0.30651562499999996 0.03125 0.0536328125 0.0625
0 0.6232031250000001 0.6040555555555556 0.04265625 0.06966666666666667