1 0.04134375 0.8916527777777777 0.0826875 0.21475
0 0.12150000000000001 0.7986944444444444 0.0630859375 0.08374999999999999
0 0.8231640625000001 0.49404166666666666 0.0548359375 0.07498611111111111
1 0.6983359375 0.2599583333333333 0.049820312500000005 0.12181944444444444
0 0.3499453125 0.34855555555555556 0.0280703125 0.036583333333333336
0 0.7891874999999999 0.8041666666666667 0.04353125 0.076375
0 0.753 0.2807638888888889 0.0208984375 0.025236111111111112
0 0.5050703125 0.9775694444444445 0.050984375000000005 0.044875000000000005
0 0.7217890625 0.3232083333333333 0.014000000000000002 0.022319444444444444
0 0.6788125 0.3035555555555556 0.011554687499999999 0.018277777777777778
1 0.8907343750000001 0.95275 0.21852343749999997 0.09450000000000001
1 0.7853515625 0.3486388888888889 0.03515625 0.08190277777777778
1 0.305265625 0.30169444444444443 0.0667578125 0.18709722222222222
0 0.071359375 0.8934722222222221 0.0218984375 0.041749999999999995
1 0.874828125 0.7647638888888889 0.1872109375 0.2622638888888889
1 0.77940625 0.2290972222222222 0.046867187500000004 0.08519444444444445