1 0.0386796875 0.10833333333333334 0.07713281250000001 0.2155
0 0.302484375 0.3627916666666666 0.0286015625 0.03675
1 0.23131249999999998 0.225625 0.21483593750000002 0.16472222222222221
0 0.10067187500000001 0.32869444444444446 0.044921875 0.07526388888888888
0 0.0211796875 0.23365277777777776 0.0305546875 0.03733333333333333
0 0.1067890625 0.14406944444444444 0.026000000000000002 0.035930555555555556
0 0.37479687500000003 0.09349999999999999 0.0238515625 0.021319444444444443
0 0.3347421875 0.321875 0.0128046875 0.022916666666666665
0 0.2774140625 0.30525 0.0258984375 0.03302777777777778
0 0.78603125 0.09615277777777778 0.0216796875 0.025291666666666667
0 0.253546875 0.059875 0.01634375 0.00988888888888889
1 0.2238203125 0.02315277777777778 0.04659375 0.04629166666666666