1 0.21369531249999998 0.09493055555555555 0.0775234375 0.1898611111111111
1 0.3228828125 0.06258333333333334 0.0787421875 0.12516666666666668
0 0.666625 0.2265833333333333 0.0312265625 0.044833333333333336
0 0.28157031250000003 0.3903611111111111 0.016710937500000002 0.024583333333333332
0 0.3578125 0.45868055555555554 0.017484375 0.028847222222222222
0 0.695828125 0.4636666666666666 0.020742187500000002 0.033541666666666664
1 0.3466875 0.5087638888888889 0.0447578125 0.180625
0 0.6033984375 0.5166666666666667 0.0126640625 0.020083333333333335
1 0.7260078125 0.4837638888888889 0.0513671875 0.15715277777777778
0 0.2526875 0.07918055555555556 0.0173828125 0.03775
1 0.610375 0.5432083333333334 0.026992187499999997 0.09270833333333334
0 0.3513203125 0.050458333333333334 0.0139140625 0.025527777777777778
1 0.7102421875 0.25690277777777776 0.0602421875 0.1492638888888889
0 0.316921875 0.010305555555555556 0.010195312500000001 0.01936111111111111
1 0.27452343749999997 0.4115416666666667 0.023390625 0.028402777777777777