1 0.6437578125 0.39949999999999997 0.21501562500000002 0.34844444444444445
0 0.8829453125000001 0.41758333333333336 0.0604375 0.06516666666666666
1 0.4048984375 0.38526388888888885 0.0963984375 0.2151388888888889
0 0.3060703125 0.08048611111111112 0.008906250000000001 0.013541666666666667
0 0.5417734375000001 0.3837222222222222 0.0245859375 0.03438888888888889
0 0.39775 0.4743888888888889 0.02715625 0.03931944444444444
0 0.261765625 0.09409722222222222 0.006578125 0.012416666666666666
1 0.21847656249999997 0.017347222222222222 0.03896875 0.03438888888888889
0 0.2845234375 0.016569444444444446 0.0097421875 0.015125000000000001
0 0.46344531250000004 0.034083333333333334 0.009796875 0.020125
1 0.3050859375 0.057166666666666664 0.0162265625 0.042319444444444444
1 0.1647890625 0.30970833333333336 0.021609375 0.042138888888888885
0 0.227828125 0.03972222222222222 0.012390624999999999 0.01959722222222222
0 0.278265625 0.36847222222222226 0.00715625 0.01363888888888889
1 0.27371093750000003 0.3413055555555556 0.0226875 0.048624999999999995
0 0.44807031249999996 0.00625 0.0109921875 0.012361111111111111
0 0.1385 0.36018055555555556 0.0083984375 0.012847222222222222
1 0.9379843749999999 0.43245833333333333 0.028140625000000002 0.05508333333333333
0 0.5373984375 0.114125 0.010828125 0.017791666666666667
0 0.261234375 0.01498611111111111 0.007726562500000001 0.011902777777777778
0 0.3111875 0.08441666666666667 0.010296875 0.01788888888888889
1 0.46850781250000006 0.014708333333333334 0.0171015625 0.025694444444444443
0 0.5276171875 0.15975 0.0119296875 0.021347222222222222
1 0.428921875 0.027333333333333334 0.0104296875 0.021541666666666667
0 0.1769609375 0.3159722222222222 0.007867187500000001 0.014125