1 0.428609375 0.3098472222222222 0.10175000000000001 0.3169166666666667
1 0.6646328125000001 0.20852777777777776 0.2316484375 0.41704166666666664
0 0.3925078125 0.3314722222222222 0.0327578125 0.04298611111111111
0 0.5453671875 0.22312500000000002 0.0402109375 0.063125
0 0.915953125 0.25536111111111115 0.06492187499999999 0.06844444444444445
1 0.23975 0.17297222222222222 0.028328125 0.050291666666666665
1 0.11767187500000001 0.1408888888888889 0.0208515625 0.063125
1 0.8525 0.6172916666666667 0.08395312499999999 0.14333333333333334
0 0.91565625 0.9521944444444445 0.0864921875 0.08852777777777777
0 0.246375 0.206625 0.0096328125 0.015680555555555555
0 0.12630468749999998 0.15040277777777777 0.0098359375 0.017958333333333333
0 0.09233593749999999 0.21331944444444445 0.009015625 0.012944444444444444
1 0.9758359375 0.2756805555555556 0.048335937499999995 0.1288888888888889
1 0.8052109375000001 0.4501111111111111 0.0832734375 0.10340277777777779