0 0.6117890625 0.48556944444444444 0.05061718750000001 0.059402777777777784
0 0.4525546875 0.6027222222222222 0.062484375 0.09630555555555556
0 0.3060546875 0.3733888888888889 0.01065625 0.019083333333333334
0 0.18796875 0.2894027777777778 0.0135625 0.020402777777777777
0 0.14596875 0.35155555555555557 0.0161015625 0.042930555555555555
0 0.608859375 0.11743055555555555 0.017937500000000002 0.030500000000000003
0 0.6244609375 0.03783333333333333 0.020125 0.03147222222222222
1 0.7867031250000001 0.6440277777777778 0.31558593749999997 0.7119444444444445
1 0.466578125 0.67675 0.1072578125 0.3654166666666667
1 0.29983593750000004 0.3696666666666667 0.0331328125 0.1257361111111111
1 0.1721953125 0.3051527777777778 0.0274296875 0.12234722222222223