0 0.684109375 0.8287361111111112 0.05815625 0.08209722222222222
0 0.1132109375 0.6461944444444444 0.02409375 0.04809722222222223
0 0.6568203125000001 0.23130555555555554 0.030109375 0.048874999999999995
1 0.297703125 0.6793611111111111 0.0496171875 0.2047638888888889
0 0.4819375 0.9581388888888889 0.0581875 0.08372222222222223
0 0.651234375 0.343125 0.028304687499999998 0.04736111111111111
1 0.836140625 0.8616944444444444 0.2744609375 0.276625
1 0.1463203125 0.5729305555555555 0.0411484375 0.09980555555555555
0 0.5357031250000001 0.019680555555555555 0.0197421875 0.03934722222222222
0 0.4847578125 0.044111111111111115 0.009640625 0.01826388888888889
0 0.335578125 0.08747222222222222 0.00853125 0.014875000000000001
0 0.27559374999999997 0.08336111111111112 0.0087109375 0.02309722222222222
0 0.165921875 0.5701388888888889 0.0145078125 0.02638888888888889
0 0.303640625 0.6583749999999999 0.012515624999999999 0.021208333333333333
1 0.33210937500000004 0.04523611111111111 0.033703125 0.06691666666666667