1 0.247703125 0.26366666666666666 0.182546875 0.2702361111111111
1 0.447953125 0.18511111111111112 0.0757578125 0.11147222222222222
0 0.2876171875 0.4184444444444444 0.02728125 0.04938888888888889
0 0.36593749999999997 0.5609444444444445 0.0541875 0.09004166666666666
0 0.3529375 0.3196111111111111 0.0278359375 0.04613888888888889
0 0.615625 0.2874305555555555 0.03159375 0.05519444444444445
0 0.10484374999999999 0.28325 0.0150390625 0.034486111111111106
0 0.2037578125 0.25654166666666667 0.0190859375 0.04509722222222222
0 0.5853906249999999 0.6603472222222222 0.034078125 0.05304166666666666
1 0.3369609375 0.4935416666666667 0.053531249999999996 0.1124861111111111
1 0.0847578125 0.24822222222222223 0.030882812500000002 0.055
1 0.520421875 0.46530555555555553 0.18682812499999998 0.25533333333333336
0 0.604203125 0.5926111111111111 0.01546875 0.01940277777777778
0 0.5453828125 0.5677777777777778 0.026968750000000003 0.03755555555555556
0 0.48617968749999996 0.24270833333333333 0.0211953125 0.03263888888888889
0 0.01021875 0.2809583333333333 0.019859375000000002 0.03876388888888889
1 0.3867890625 0.41451388888888885 0.030078125 0.04627777777777778