1 0.4525859375 0.343375 0.122015625 0.332875
0 0.3724140625 0.2930277777777778 0.0334296875 0.05988888888888889
0 0.33440625 0.8215138888888889 0.0273203125 0.04754166666666666
1 0.39359375 0.05498611111111112 0.0561875 0.1099861111111111
0 0.9461484375 0.9053472222222223 0.05292187499999999 0.07263888888888889
0 0.41759375 0.04525 0.01228125 0.02059722222222222
0 0.4616328125 0.2310972222222222 0.024656249999999998 0.042430555555555555
0 0.5003984375 0.3055 0.021625 0.041569444444444444
1 0.2818125 0.40172222222222226 0.1707421875 0.5210555555555556
1 0.9752578125 0.9618055555555556 0.0494765625 0.0763888888888889
1 0.3079140625 0.9064027777777778 0.045625 0.1229861111111111