0 0.33453125 0.20806944444444445 0.0381328125 0.07379166666666667
0 0.2470390625 0.335375 0.03625 0.06468055555555556
0 0.0521640625 0.17369444444444446 0.0238671875 0.04666666666666667
1 0.50565625 0.40269444444444447 0.318125 0.31881944444444443
0 0.6281328125 0.7069305555555556 0.0494765625 0.06977777777777779
0 0.3372890625 0.5352222222222223 0.07563281250000001 0.13966666666666666
1 0.1274375 0.06873611111111111 0.0706015625 0.13431944444444444
0 0.6615390624999999 0.195875 0.024328125 0.03661111111111111
0 0.16471875 0.15104166666666666 0.0249765625 0.04711111111111111
1 0.45748437500000005 0.0626111111111111 0.06281250000000001 0.1098888888888889
1 0.2470390625 0.14815277777777777 0.14654687500000002 0.2962916666666667
1 0.28811718750000004 0.4199583333333333 0.0722109375 0.08601388888888889
0 0.4926796875 0.12640277777777778 0.035484375 0.02959722222222222
1 0.6352734375 0.14684722222222224 0.048085937499999995 0.061138888888888895
0 0.569921875 0.566861111111111 0.0340859375 0.06265277777777778
0 0.6495078125 0.5877361111111111 0.0223359375 0.03061111111111111