1 0.33557031249999997 0.07868055555555556 0.1311015625 0.15734722222222222
0 0.6119687500000001 0.38441666666666663 0.035390624999999995 0.04829166666666667
0 0.4124296875 0.30283333333333334 0.0488984375 0.08748611111111111
0 0.339 0.19761111111111113 0.022257812499999998 0.042722222222222224
0 0.399484375 0.121875 0.0258046875 0.04719444444444444
0 0.1612734375 0.09804166666666667 0.0168828125 0.03451388888888889
0 0.6576171875 0.08969444444444444 0.0286015625 0.06956944444444445
0 0.0750859375 0.0942638888888889 0.02025 0.03825
1 0.22642968749999998 0.037 0.0530859375 0.074
1 0.5412890625 0.22241666666666665 0.1911171875 0.18795833333333334
0 0.5306875 0.07034722222222221 0.0193515625 0.0445
0 0.6065078125000001 0.32516666666666666 0.0786484375 0.04872222222222222
1 0.493953125 0.03125 0.064171875 0.0625
1 0.15224218750000001 0.05997222222222222 0.0236328125 0.055972222222222215
1 0.06787499999999999 0.06491666666666666 0.023109374999999998 0.041444444444444443