1 0.7926562500000001 0.6532361111111111 0.3160625 0.6935138888888889
0 0.6189140625 0.5094444444444445 0.06071875 0.07179166666666667
1 0.46652343749999997 0.7050000000000001 0.091296875 0.3467777777777778
0 0.4419453125 0.614638888888889 0.04025 0.08034722222222222
1 0.30021875 0.39563888888888893 0.038351562500000005 0.1232638888888889
0 0.1447890625 0.37093055555555554 0.0155078125 0.03886111111111111
0 0.60840625 0.1367361111111111 0.0151484375 0.027625
1 0.169796875 0.31077777777777776 0.0353671875 0.07109722222222221
0 0.6253515625 0.052763888888888895 0.0180234375 0.027819444444444445
0 0.301515625 0.39091666666666663 0.010070312500000001 0.020166666666666666
0 0.1840234375 0.30636111111111114 0.009921875 0.016958333333333336
1 0.9481640625000001 0.9152638888888889 0.103671875 0.16352777777777777