1 0.345796875 0.22013888888888888 0.35021874999999997 0.4030972222222223
0 0.5511796875 0.23291666666666666 0.038906249999999996 0.06041666666666667
0 0.22261718749999998 0.3740138888888889 0.062453125 0.06405555555555555
1 0.8963984375 0.7291527777777778 0.20720312500000002 0.5279444444444444
0 0.028140625000000002 0.5954166666666667 0.0562890625 0.078125
1 0.062890625 0.5395833333333333 0.12578125 0.25345833333333334
0 0.5907265625 0.21644444444444444 0.028687499999999998 0.041874999999999996
1 0.0093046875 0.2936666666666667 0.0165703125 0.079375
0 0.8037109375 0.7569166666666667 0.19065625 0.18745833333333334
0 0.11774218750000001 0.11662499999999999 0.0053359375 0.009083333333333334
0 0.1202890625 0.15725 0.010437499999999999 0.015944444444444445