0 0.924578125 0.7239027777777778 0.0457734375 0.08326388888888889
0 0.389171875 0.37394444444444447 0.0273046875 0.07118055555555555
1 0.0770078125 0.8290138888888888 0.1540078125 0.25245833333333334
0 0.24440625 0.36972222222222223 0.0215078125 0.06363888888888888
0 0.4971875 0.9337777777777778 0.0525859375 0.072625
1 0.454578125 0.6285833333333333 0.194921875 0.5349583333333333
1 0.37378125 0.25331944444444443 0.05809375 0.16722222222222222
1 0.8602812500000001 0.48008333333333336 0.175328125 0.3974722222222222
1 0.7367734375 0.30543055555555554 0.0381796875 0.045375000000000006
1 0.7515546875 0.20881944444444445 0.03240625 0.058041666666666665
0 0.1752578125 0.3249722222222222 0.028398437500000002 0.0445
1 0.2410625 0.2979861111111111 0.0335 0.0811111111111111
1 0.17421875 0.25825 0.028515625 0.08420833333333334