1 0.822875 0.7490555555555556 0.3542421875 0.4970833333333333
0 0.64640625 0.6603888888888889 0.066296875 0.10438888888888888
1 0.465421875 0.8578611111111111 0.104546875 0.2842777777777778
1 0.157078125 0.3704861111111111 0.042312499999999996 0.08758333333333333
1 0.29803125 0.4687916666666666 0.0442265625 0.14101388888888888
0 0.44769531249999994 0.7629444444444445 0.044484375 0.10205555555555557
0 0.6353203125 0.19641666666666666 0.0200859375 0.03091666666666667
0 0.131546875 0.4415833333333333 0.0145390625 0.03438888888888889
0 0.6533671875 0.09583333333333334 0.018796874999999998 0.030569444444444448
0 0.301046875 0.46868055555555554 0.017703125 0.025583333333333336
0 0.17665625000000001 0.37272222222222223 0.0121640625 0.023069444444444445