0 0.59003125 0.020097222222222225 0.037351562500000005 0.04019444444444445
1 0.0506328125 0.10761111111111112 0.101265625 0.2152083333333333
0 0.495703125 0.11638888888888889 0.026382812500000002 0.059208333333333335
1 0.5074062500000001 0.051236111111111114 0.045953125 0.10140277777777779
0 0.6560546875 0.07634722222222222 0.04815625 0.11415277777777777
0 0.1056171875 0.20952777777777779 0.0375 0.04211111111111111
0 0.09210937500000001 0.08008333333333333 0.031070312500000002 0.03975
0 0.2058515625 0.03891666666666667 0.0486640625 0.04386111111111111
0 0.0285078125 0.22619444444444448 0.023828125 0.019375
0 0.2193671875 0.043250000000000004 0.0239140625 0.04113888888888889
1 0.7600546875 0.03277777777777778 0.1825703125 0.06554166666666666
0 0.0945546875 0.08972222222222222 0.029249999999999998 0.025736111111111112