1 0.5098125 0.2834027777777778 0.21140625000000002 0.32134722222222223
1 0.3516484375 0.42236111111111113 0.09468750000000001 0.16602777777777777
0 0.7699765625 0.6920555555555555 0.05434375 0.0931388888888889
0 0.41549218750000005 0.3360694444444444 0.0415546875 0.051125000000000004
0 0.6666562500000001 0.24505555555555555 0.0411015625 0.064375
1 0.8921718750000001 0.7752916666666667 0.2064921875 0.4302916666666667
1 0.136515625 0.4079305555555555 0.0426875 0.08252777777777778
0 0.30946875 0.47909722222222223 0.030265625 0.04519444444444444
0 0.3337421875 0.10920833333333332 0.0148046875 0.018625
0 0.323125 0.04552777777777778 0.0181171875 0.027472222222222224
0 0.0161484375 0.07127777777777777 0.01353125 0.016708333333333332
1 0.721515625 0.2044861111111111 0.081640625 0.11305555555555556
1 0.020640625000000003 0.04809722222222223 0.041281250000000005 0.045