1 0.50059375 0.25909722222222226 0.1935 0.2098888888888889
1 0.8823671875000001 0.5659861111111111 0.22709375 0.415625
0 0.760875 0.62325 0.0428203125 0.07430555555555556
0 0.6492421875 0.2126527777777778 0.0393125 0.05306944444444445
1 0.34225 0.39740277777777777 0.0585078125 0.1546111111111111
0 0.40628125 0.31822222222222224 0.0278125 0.041777777777777775
0 0.323359375 0.46477777777777773 0.029562500000000002 0.04791666666666667
1 0.7426640625 0.21847222222222223 0.07790625 0.12230555555555556
0 0.1447734375 0.44213888888888886 0.0089453125 0.016527777777777777
0 0.3035703125 0.03793055555555555 0.0106328125 0.03665277777777778
0 0.322 0.10240277777777779 0.013218750000000001 0.023
1 0.0084453125 0.4532638888888889 0.0165 0.04420833333333333
1 0.14428125 0.3988055555555555 0.0436171875 0.0957638888888889