1 0.852125 0.8248194444444444 0.29574218750000003 0.33743055555555557
1 0.30159375 0.6074999999999999 0.0419296875 0.14402777777777778
1 0.1499453125 0.5512638888888889 0.0414765625 0.13015277777777776
1 0.538625 0.9085833333333333 0.16104687499999998 0.1771111111111111
0 0.1198203125 0.5928333333333333 0.021249999999999998 0.04819444444444445
0 0.6530390625 0.19672222222222221 0.0232578125 0.034444444444444444
0 0.64621875 0.29706944444444444 0.020742187500000002 0.03693055555555556
0 0.6873984375 0.7695833333333334 0.0754765625 0.11747222222222221
0 0.48884375 0.8982083333333334 0.0653515625 0.09631944444444443
0 0.4843984375 0.017444444444444446 0.0101796875 0.019208333333333334
1 0.33001562500000003 0.03197222222222222 0.0297421875 0.060444444444444446
0 0.5337265625 0.006222222222222223 0.014578125 0.012041666666666666
0 0.3339453125 0.06204166666666667 0.0108125 0.01952777777777778
0 0.306390625 0.6084583333333333 0.01165625 0.024527777777777777
0 0.27604687499999997 0.06345833333333332 0.0128046875 0.0195
0 0.16900781250000002 0.5059027777777778 0.0209375 0.04723611111111111
1 0.3124765625 0.7307638888888889 0.029359375 0.034749999999999996
0 0.1645625 0.49152777777777773 0.0180859375 0.02647222222222222