1 0.0561796875 0.10202777777777777 0.11236718750000001 0.19105555555555556
0 0.12455468750000001 0.19034722222222225 0.029703125000000004 0.03968055555555556
0 0.1022421875 0.056124999999999994 0.0310625 0.04594444444444444
0 0.5001484375 0.10212500000000001 0.022390625 0.052708333333333336
1 0.507703125 0.03941666666666666 0.03740625 0.07884722222222222
0 0.5973046875 0.010958333333333332 0.0359296875 0.021555555555555553
0 0.045171875 0.20733333333333334 0.0231328125 0.019319444444444445
0 0.6554296875000001 0.07165277777777779 0.0373125 0.08741666666666667
0 0.22638281249999997 0.02622222222222222 0.0205078125 0.030597222222222224
0 0.1941953125 0.020680555555555556 0.01615625 0.021430555555555557
1 0.7312421875 0.030722222222222224 0.1596015625 0.06144444444444445
0 0.1569140625 0.004819444444444445 0.0073906250000000005 0.009069444444444444
1 0.1955546875 0.008847222222222222 0.060820312499999994 0.017638888888888888
1 0.11009374999999999 0.11466666666666667 0.01753125 0.02766666666666667