0 0.43828125 0.715 0.0299375 0.034333333333333334
0 0.624984375 0.6264444444444445 0.051539062499999996 0.07509722222222222
0 0.62165625 0.19656944444444444 0.0285546875 0.04020833333333333
0 0.6356796874999999 0.10147222222222223 0.025507812499999998 0.049833333333333334
0 0.3000625 0.46875 0.0108125 0.0125
0 0.17669531249999998 0.37759722222222225 0.021609375 0.033694444444444444
0 0.133984375 0.4457916666666667 0.014851562500000002 0.03897222222222222
1 0.7791718750000001 0.7597222222222222 0.3239765625 0.48055555555555557
1 0.46034375 0.8159722222222222 0.106625 0.3680555555555556
1 0.2835078125 0.47931944444444446 0.0657890625 0.14968055555555554
1 0.1667109375 0.37759722222222225 0.046265625 0.09480555555555556