0 0.1897265625 0.19612500000000002 0.0206015625 0.03143055555555555
0 0.109296875 0.12494444444444444 0.0177734375 0.029902777777777778
0 0.8829921875 0.12416666666666668 0.01928125 0.026333333333333334
0 0.486890625 0.11394444444444446 0.0144296875 0.01941666666666667
0 0.26110937500000003 0.1463611111111111 0.020953125 0.025652777777777778
0 0.4241796875 0.28231944444444446 0.022664062500000002 0.028597222222222222
0 0.0110546875 0.13918055555555556 0.0155234375 0.034486111111111106
0 0.3806953125 0.10806944444444445 0.0120703125 0.010902777777777777
0 0.25720312500000003 0.24856944444444445 0.028437499999999998 0.03565277777777778
0 0.399421875 0.250125 0.021351562499999997 0.03023611111111111
1 0.23419531249999997 0.21765277777777778 0.0355078125 0.037097222222222226
1 0.17120312499999998 0.05416666666666667 0.10606249999999999 0.060000000000000005
1 0.4379375 0.21583333333333335 0.029953125000000004 0.07079166666666667
0 0.37690625 0.0963611111111111 0.01946875 0.02673611111111111
1 0.304921875 0.023291666666666665 0.0386875 0.04659722222222222
1 0.17859375 0.14077777777777778 0.031984374999999995 0.06902777777777779