1 0.338359375 0.16052777777777777 0.2156015625 0.19470833333333332
1 0.7581328125 0.254375 0.248296875 0.1976527777777778
1 0.2153671875 0.38431944444444444 0.11470312499999999 0.12788888888888889
0 0.45572656250000004 0.04081944444444444 0.0403359375 0.053625
0 0.236546875 0.2524861111111111 0.042515625 0.057541666666666665
0 0.61671875 0.3681388888888889 0.0414921875 0.07852777777777778
0 0.8599062500000001 0.3713472222222222 0.03690625 0.034527777777777775
1 0.9429609375 0.26440277777777776 0.114078125 0.22044444444444444
0 0.1774140625 0.45494444444444443 0.0404140625 0.05913888888888889
0 0.07103125 0.06061111111111111 0.0146171875 0.03219444444444444
0 0.0357734375 0.006944444444444444 0.02340625 0.013500000000000002
0 0.843328125 0.6624444444444444 0.033484375 0.02758333333333333
1 0.519203125 0.01551388888888889 0.11940625 0.03102777777777778