1 0.7326015625 0.44381944444444443 0.322546875 0.7096250000000001
1 0.42670312499999996 0.49609722222222224 0.09153125 0.2524722222222222
0 0.958359375 0.46001388888888883 0.0628984375 0.08284722222222222
0 0.5613125 0.36750000000000005 0.04346875 0.06434722222222222
0 0.3991484375 0.4895 0.040171875 0.05355555555555556
1 0.11584375 0.26445833333333335 0.026210937499999996 0.07305555555555555
0 0.5403828125000001 0.05170833333333333 0.016359375000000002 0.025361111111111112
0 0.12685156250000001 0.26158333333333333 0.011671875 0.020930555555555556
1 0.24446875 0.3049305555555556 0.027453125000000002 0.07013888888888889
0 0.09165625 0.3317083333333333 0.0087578125 0.014708333333333334
0 0.2544921875 0.32819444444444446 0.008171875 0.014444444444444446
0 0.082171875 0.3150833333333333 0.013375000000000001 0.03719444444444445