1 0.0955546875 0.5359444444444444 0.1911171875 0.6573055555555556
1 0.30276562500000004 0.1947361111111111 0.19103125 0.3834027777777778
1 0.6122265625 0.061375 0.10571875 0.11965277777777779
0 0.188453125 0.901 0.0559453125 0.10476388888888889
0 0.166578125 0.050416666666666665 0.033640625 0.08390277777777777
0 0.392765625 0.39986111111111106 0.0358828125 0.05393055555555555
1 0.0325625 0.10138888888888889 0.065125 0.1355972222222222
0 0.67115625 0.1457638888888889 0.0283125 0.06279166666666666
0 0.9902656249999999 0.5423055555555555 0.0186015625 0.058291666666666665
0 0.004359375 0.11795833333333335 0.00784375 0.03165277777777778
1 0.9672499999999999 0.41494444444444445 0.0654921875 0.15508333333333332