1 0.42369531250000003 0.4623472222222222 0.08772656250000001 0.20806944444444445
1 0.7054296875 0.4006388888888889 0.279 0.5706666666666667
0 0.9557578124999999 0.4349166666666667 0.060843749999999995 0.07551388888888888
0 0.55715625 0.3496111111111111 0.0357421875 0.06881944444444445
1 0.121265625 0.24686111111111111 0.02634375 0.069
1 0.2451953125 0.3029861111111111 0.0321484375 0.09655555555555555
1 0.921171875 0.6722638888888889 0.12467187500000002 0.1905972222222222
0 0.400921875 0.46995833333333337 0.042210937500000004 0.058819444444444445
0 0.53878125 0.035611111111111114 0.0170078125 0.03247222222222222
0 0.25671875 0.3143472222222222 0.0088828125 0.018666666666666665
0 0.12996093749999998 0.2457222222222222 0.0106640625 0.021652777777777778
0 0.09246093749999999 0.31709722222222225 0.010359375 0.012930555555555556