1 0.0784921875 0.8845138888888889 0.156984375 0.22840277777777776
1 0.6392265625 0.8229722222222222 0.721546875 0.3523194444444444
0 0.651625 0.61275 0.0238359375 0.02323611111111111
0 0.28571875 0.7045972222222222 0.027875 0.035875
1 0.09690625 0.3325416666666667 0.0655390625 0.08847222222222223
1 0.046468749999999996 0.5645 0.091671875 0.26969444444444446
0 0.6739140625 0.5421111111111111 0.0143984375 0.020680555555555556
1 0.136921875 0.7129861111111111 0.03096875 0.048874999999999995
1 0.1577421875 0.44852777777777775 0.062406249999999996 0.09086111111111111
1 0.6315703125 0.5719861111111111 0.045156249999999995 0.07440277777777778
1 0.23174999999999998 0.6708055555555555 0.073796875 0.12041666666666667
1 0.8602265625 0.3805277777777778 0.2429296875 0.3815138888888889
1 0.22523437500000001 0.513 0.04325 0.11206944444444444
1 0.1779453125 0.5993333333333333 0.052968749999999995 0.08530555555555555
1 0.073953125 0.1607361111111111 0.076375 0.09711111111111112
1 0.1325390625 0.0652361111111111 0.0821484375 0.1000138888888889