0 0.937859375 0.970375 0.0694609375 0.059263888888888894
0 0.914578125 0.2605 0.0551953125 0.09752777777777778
0 0.5412109375 0.2422083333333333 0.038671875 0.058486111111111114
0 0.3927265625 0.35006944444444443 0.039554687500000005 0.04984722222222222
0 0.2458125 0.21970833333333334 0.010453125 0.018000000000000002
0 0.1266640625 0.1607638888888889 0.0112578125 0.017347222222222222
0 0.0884140625 0.21716666666666667 0.009640625 0.03233333333333333
1 0.11209374999999999 0.15770833333333334 0.022101562499999998 0.07652777777777778
1 0.4346875 0.39061111111111113 0.12020312500000001 0.23544444444444446
1 0.6844453125000001 0.26625 0.268890625 0.46399999999999997
1 0.8828984375 0.5470416666666666 0.0741328125 0.10704166666666666
1 0.9700546875 0.2806944444444444 0.0598984375 0.04047222222222222