1 0.7569453125 0.22291666666666668 0.2543515625 0.2577638888888889
1 0.3261796875 0.16730555555555554 0.2152890625 0.18762500000000001
0 0.451890625 0.04134722222222222 0.0321328125 0.052555555555555564
1 0.2174609375 0.3903055555555555 0.1154765625 0.09334722222222222
0 0.17546875 0.45448611111111115 0.0369453125 0.05331944444444445
0 0.23553125000000003 0.2564166666666667 0.04440625 0.05234722222222222
0 0.616765625 0.3644444444444444 0.042015625 0.07772222222222222
0 0.8575546875000001 0.3698333333333333 0.030734375 0.03194444444444444
0 0.07146875 0.059111111111111114 0.0158203125 0.03373611111111111
1 0.9433828125 0.24795833333333334 0.113234375 0.28997222222222224
0 0.03184375 0.006430555555555556 0.0163203125 0.012388888888888889
0 0.843546875 0.6638611111111111 0.034 0.025541666666666667
1 0.500609375 0.0225 0.096390625 0.04498611111111111