0 0.9442031249999999 0.3187638888888889 0.04575 0.07595833333333334
0 0.933 0.9800972222222222 0.080578125 0.03981944444444445
0 0.5808046874999999 0.2704722222222222 0.0435625 0.05720833333333333
0 0.43197656249999994 0.3566111111111111 0.033960937499999996 0.05529166666666667
0 0.5643906249999999 0.01573611111111111 0.019414062500000002 0.03148611111111111
0 0.2991875 0.244125 0.008921875 0.01913888888888889
0 0.190234375 0.1839861111111111 0.01328125 0.019069444444444444
0 0.15225 0.22944444444444442 0.015296874999999998 0.030000000000000002
1 0.18003906249999999 0.1688472222222222 0.022578124999999998 0.05252777777777778
1 0.4581875 0.3595 0.07321093749999999 0.17913888888888888
1 0.7235078125000001 0.24727777777777776 0.2950078125 0.4122638888888889