1 0.8152890625 0.7603472222222223 0.2551015625 0.4792916666666666
0 0.6578671875000001 0.6808611111111111 0.0659765625 0.07441666666666666
1 0.46211718749999997 0.8680555555555556 0.1076484375 0.2638888888888889
0 0.67009375 0.060319444444444446 0.0222109375 0.03252777777777778
1 0.1155078125 0.39126388888888886 0.05389843749999999 0.14623611111111112
0 0.1423984375 0.3635555555555555 0.020359375 0.03238888888888889
0 0.6527265625 0.17715277777777777 0.0194765625 0.032916666666666664
0 0.44292968750000006 0.8017777777777777 0.055015625 0.09008333333333333
0 0.2810859375 0.4701388888888889 0.011375 0.020722222222222222
1 0.2646953125 0.4951111111111111 0.0526953125 0.11486111111111111
0 0.09309375 0.44602777777777775 0.0160546875 0.033875
1 0.9920234375 0.9787777777777779 0.015421874999999998 0.042430555555555555