0 0.014890625 0.24654166666666666 0.0273125 0.04490277777777778
0 0.300265625 0.3833611111111111 0.029414062499999998 0.037472222222222226
1 0.3032265625 0.2580138888888889 0.0626484375 0.130625
1 0.215296875 0.036472222222222225 0.0627734375 0.07069444444444445
0 0.7861796875 0.10438888888888888 0.018890625 0.029388888888888888
0 0.10511718750000001 0.15687500000000001 0.023304687499999997 0.028597222222222222
0 0.375953125 0.10352777777777779 0.0159453125 0.02390277777777778
0 0.334921875 0.33877777777777773 0.011125 0.021208333333333333
0 0.0836796875 0.3388333333333333 0.047125 0.05570833333333333
0 0.24753906250000002 0.06484722222222222 0.0240703125 0.018708333333333334
1 0.042375 0.11227777777777778 0.084484375 0.2242361111111111
0 0.27725 0.32837500000000003 0.019703125 0.024708333333333332
0 0.2545 0.08713888888888889 0.01540625 0.011472222222222222