1 0.5184765625 0.33643055555555557 0.1698984375 0.35815277777777776
0 0.7273515625 0.8880972222222222 0.06271875 0.09630555555555556
1 0.8768359374999999 0.8279166666666667 0.2390703125 0.3441666666666667
0 0.7232421875 0.3650138888888889 0.0382890625 0.05425000000000001
0 0.44527343750000004 0.3820277777777778 0.025515624999999997 0.034930555555555555
0 0.11171093750000001 0.06993055555555555 0.0142734375 0.01984722222222222
1 0.3305859375 0.4475 0.041875 0.12373611111111112
1 0.1023125 0.03077777777777778 0.04 0.06154166666666667
1 0.20270312499999998 0.08548611111111111 0.0140234375 0.040125
1 0.196796875 0.37454166666666666 0.030890624999999998 0.0796111111111111
1 0.08503125 0.3555833333333333 0.0174375 0.04808333333333333
1 0.16728125 0.018180555555555554 0.023554687499999998 0.03636111111111111
1 0.144734375 0.017763888888888888 0.0182890625 0.035541666666666666
0 0.1463671875 0.042513888888888886 0.009945312500000001 0.01423611111111111
0 0.1712421875 0.04501388888888888 0.0106171875 0.016
0 0.3198359375 0.06634722222222222 0.0085859375 0.012791666666666668
0 0.358828125 0.052569444444444446 0.0101796875 0.016694444444444442
0 0.340578125 0.01663888888888889 0.0136875 0.03327777777777778
0 0.1558828125 0.12216666666666666 0.0093125 0.015125000000000001
0 0.20330468750000003 0.11134722222222222 0.010007812500000001 0.014208333333333333
0 0.0992421875 0.02779166666666667 0.0049375 0.008722222222222223
0 0.42303125 0.17852777777777776 0.007546875 0.011180555555555556
0 0.42944531250000006 0.135125 0.0053671875 0.010805555555555556
0 0.054781250000000004 0.413625 0.006500000000000001 0.014166666666666666
0 0.0894140625 0.36047222222222225 0.00728125 0.011944444444444443
0 0.196671875 0.39777777777777773 0.00790625 0.013833333333333335
0 0.319078125 0.48181944444444447 0.027250000000000003 0.029736111111111112
1 0.788453125 0.3449861111111111 0.08515625 0.07686111111111112