0 0.715515625 0.6364166666666667 0.0248828125 0.042736111111111114
0 0.6229843749999999 0.06629166666666667 0.016390625 0.02688888888888889
1 0.37796093750000004 0.10240277777777779 0.030203124999999997 0.09420833333333332
0 0.07184375 0.8528472222222222 0.0186953125 0.03970833333333333
0 0.742265625 0.4615833333333333 0.0261953125 0.041694444444444444
0 0.27349999999999997 0.9115138888888888 0.012375 0.03783333333333333
0 0.13382812500000002 0.7519305555555555 0.016710937500000002 0.03163888888888889
0 0.3242421875 0.0801111111111111 0.0119375 0.015722222222222224
0 0.5577890625 0.09361111111111112 0.0082890625 0.020180555555555556
1 0.6391953125 0.05969444444444444 0.030984374999999998 0.050986111111111114
1 0.10400781249999999 0.8133888888888888 0.04303125 0.15455555555555556
1 0.258484375 0.9424861111111111 0.030515625 0.09794444444444445