1 0.8218828125 0.7505972222222221 0.356234375 0.49726388888888884
1 0.147921875 0.3677361111111111 0.047109374999999995 0.09797222222222222
1 0.47464843749999996 0.8513888888888889 0.11525 0.29294444444444445
0 0.6588125 0.08456944444444445 0.0251328125 0.034111111111111106
0 0.6553828125 0.671625 0.0772109375 0.10244444444444445
0 0.12355468750000001 0.4393611111111111 0.018140625 0.035541666666666666
0 0.44632812499999996 0.7671666666666667 0.0445546875 0.09673611111111112
0 0.642125 0.1887222222222222 0.0230390625 0.048486111111111105
0 0.30012500000000003 0.4645138888888889 0.0091328125 0.020041666666666666
0 0.170015625 0.36527777777777776 0.0245546875 0.03333333333333333
1 0.282703125 0.4713611111111111 0.044578125 0.11747222222222221