1 0.8382968749999999 0.8664722222222222 0.2694765625 0.26430555555555557
1 0.30215625 0.659875 0.041999999999999996 0.22995833333333332
0 0.1113125 0.6156111111111111 0.02053125 0.04658333333333333
1 0.1388515625 0.5411944444444445 0.0471875 0.120125
0 0.6936640625 0.8216805555555555 0.0817421875 0.135375
0 0.48164843749999997 0.9480416666666667 0.053421874999999994 0.08618055555555555
0 0.659015625 0.30006944444444444 0.0215546875 0.043291666666666666
0 0.26996875 0.0054444444444444445 0.010781250000000001 0.010472222222222223
0 0.303546875 0.6383055555555556 0.0130625 0.033
0 0.6685 0.184625 0.027765625 0.04434722222222222
0 0.3285 0.006611111111111111 0.013171875 0.013208333333333332
1 0.33275 0.014305555555555556 0.020703125 0.02861111111111111
0 0.1638515625 0.5379027777777778 0.013695312500000001 0.0355
1 0.559109375 0.9517083333333334 0.1530390625 0.09656944444444444