0 0.309578125 0.2459722222222222 0.0475234375 0.07927777777777778
1 0.18936718749999998 0.06237499999999999 0.21285156249999998 0.12476388888888888
0 0.226578125 0.1597638888888889 0.03209375 0.057499999999999996
1 0.46587500000000004 0.16306944444444443 0.131640625 0.16730555555555554
0 0.4955 0.27444444444444444 0.05925781249999999 0.09097222222222222
0 0.9885546875 0.07731944444444444 0.0228828125 0.05456944444444444
0 0.5502890625 0.059722222222222225 0.0205078125 0.02984722222222222
0 0.421296875 0.04713888888888888 0.012882812499999998 0.016819444444444442
0 0.42140625 0.02783333333333333 0.0165625 0.02073611111111111
0 0.294046875 0.09581944444444444 0.0251875 0.03752777777777778
0 0.1276171875 0.06755555555555556 0.020148437499999998 0.03155555555555555
0 0.024265625 0.08513888888888889 0.013976562500000001 0.034569444444444444
1 0.3988828125 0.017361111111111112 0.039953125 0.034722222222222224
1 0.2793203125 0.1753888888888889 0.054640625 0.06588888888888889