0 0.7275703124999999 0.7244444444444444 0.028734375 0.05505555555555556
1 0.388296875 0.15636111111111112 0.035921875 0.11116666666666668
0 0.06707031249999999 0.9202083333333333 0.022570312500000002 0.041027777777777774
1 0.0916015625 0.9016944444444445 0.081921875 0.19143055555555558
0 0.6171875 0.011347222222222222 0.0188359375 0.021291666666666667
0 0.2760390625 0.9835694444444444 0.0124921875 0.03011111111111111
0 0.7578828125 0.5368611111111111 0.0324375 0.04595833333333334
0 0.63546875 0.12093055555555554 0.0157890625 0.03219444444444444
0 0.571140625 0.14570833333333333 0.010843750000000001 0.017847222222222223
0 0.392984375 0.14584722222222224 0.015078125000000001 0.026819444444444444
0 0.3365390625 0.1235138888888889 0.013375000000000001 0.021486111111111112
1 0.6516328125 0.11529166666666667 0.0342421875 0.05644444444444444