0 0.20475 0.129125 0.0116484375 0.016319444444444445
1 0.621671875 0.4487083333333333 0.220421875 0.3622222222222222
1 0.8626171875 0.40974999999999995 0.07003125 0.18430555555555553
1 0.38565625 0.5021527777777778 0.0672265625 0.1105
1 0.25725 0.4197361111111111 0.0157109375 0.03461111111111111
1 0.15423437499999998 0.38352777777777775 0.01653125 0.049624999999999996
1 0.194875 0.07625 0.0446171875 0.0975
1 0.23385937499999998 0.08175 0.014593749999999999 0.03834722222222222
1 0.2587890625 0.07358333333333333 0.019664062500000003 0.050986111111111114
1 0.2832734375 0.14401388888888889 0.01575 0.04530555555555555
1 0.4173828125 0.05543055555555555 0.0181015625 0.05766666666666667
1 0.43657812500000004 0.10452777777777779 0.015859375000000002 0.022416666666666668
0 0.1943125 0.09086111111111111 0.0063359374999999996 0.011347222222222222
0 0.23581249999999998 0.10502777777777779 0.009125 0.011902777777777778
0 0.2570546875 0.10961111111111112 0.0109765625 0.013680555555555555
0 0.28142187500000004 0.17301388888888888 0.007640625 0.010847222222222222
0 0.237734375 0.17709722222222224 0.00984375 0.013458333333333333
0 0.2602578125 0.44304166666666667 0.00865625 0.013930555555555555
0 0.1623984375 0.39490277777777777 0.0085390625 0.021291666666666667
0 0.12591406249999998 0.4408888888888889 0.012757812499999998 0.021930555555555554
0 0.371515625 0.5349305555555556 0.017390625 0.026430555555555558
0 0.509671875 0.44325 0.022468750000000003 0.03015277777777778
0 0.8057812500000001 0.4654722222222222 0.0521796875 0.061638888888888896
0 0.49060156250000003 0.24558333333333332 0.0072499999999999995 0.01623611111111111
0 0.4996796875 0.20350000000000001 0.0076953125 0.01152777777777778
0 0.43424218750000004 0.12497222222222223 0.012765625 0.020430555555555556
0 0.394921875 0.13429166666666667 0.0059921875 0.011055555555555556
0 0.41625781249999994 0.09195833333333332 0.0158515625 0.016083333333333335