0 0.39563281250000004 0.5664027777777778 0.0253359375 0.034375
0 0.446 0.12769444444444444 0.0121875 0.01648611111111111
0 0.23460156250000003 0.15959722222222222 0.012375 0.017402777777777777
0 0.26775000000000004 0.138 0.00825 0.009194444444444444
0 0.2884296875 0.1418472222222222 0.0137734375 0.016305555555555556
0 0.3122109375 0.20211111111111113 0.0089140625 0.008736111111111111
0 0.2702421875 0.21054166666666668 0.0064453125 0.012777777777777777
0 0.18849218750000002 0.41913888888888884 0.009828125 0.012305555555555554
0 0.15278125 0.46558333333333335 0.0079375 0.012027777777777778
0 0.28396875 0.46965277777777775 0.0069765625 0.017597222222222222
0 0.5307109375 0.4843194444444444 0.026375 0.03918055555555556
0 0.85003125 0.5124444444444444 0.06596093750000001 0.06704166666666667
0 0.5175625 0.2763055555555555 0.0115 0.018458333333333334
0 0.5282578124999999 0.23438888888888887 0.011820312500000001 0.018236111111111113
0 0.459984375 0.15962500000000002 0.011625 0.016291666666666666
0 0.42252343750000004 0.1695 0.0057578125 0.012541666666666666
1 0.623984375 0.46969444444444447 0.21003124999999997 0.39063888888888887
1 0.4059375 0.5212222222222221 0.06786718750000001 0.14597222222222223
1 0.2798359375 0.44406944444444446 0.01525 0.036180555555555556
1 0.18101562499999999 0.4127916666666666 0.0180234375 0.04043055555555555
1 0.4645625 0.13972222222222222 0.0123515625 0.029236111111111112
1 0.44996875000000003 0.09665277777777778 0.025023437500000002 0.043347222222222224
1 0.423015625 0.15241666666666667 0.00959375 0.022694444444444444
1 0.31155468750000004 0.17573611111111112 0.0202890625 0.04809722222222223
1 0.287671875 0.11011111111111112 0.0227265625 0.049027777777777774
1 0.269953125 0.10455555555555555 0.019015625 0.05327777777777778
1 0.22954687499999998 0.11716666666666667 0.0375546875 0.07605555555555556