1 0.326078125 0.08619444444444445 0.08065625 0.1723888888888889
1 0.21071875 0.11752777777777779 0.0757890625 0.20323611111111112
0 0.6995546874999999 0.5136666666666666 0.025921875 0.03965277777777778
1 0.340484375 0.589375 0.05973437499999999 0.17740277777777777
0 0.24659375 0.11256944444444444 0.0209375 0.04493055555555556
0 0.6673046874999999 0.27497222222222223 0.030289062500000002 0.049972222222222216
1 0.7249218749999999 0.5514722222222223 0.0636328125 0.16997222222222222
0 0.31158593749999997 0.04081944444444444 0.017453125 0.02251388888888889
0 0.278875 0.43234722222222227 0.025039062499999997 0.031125
0 0.3575625 0.5087777777777778 0.0188125 0.03104166666666667
1 0.7080390624999999 0.27520833333333333 0.0741640625 0.15444444444444444