1 0.6338046875 0.21916666666666668 0.27839843750000004 0.43777777777777777
0 0.50634375 0.12905555555555556 0.045 0.06226388888888889
0 0.3713984375 0.2787777777777778 0.035515625 0.07026388888888889
0 0.87890625 0.7827916666666667 0.08492187500000001 0.12100000000000001
0 0.8438437499999999 0.10577777777777778 0.058335937500000004 0.06718055555555555
1 0.41385937500000003 0.3090277777777778 0.114671875 0.21665277777777778
1 0.9315390625 0.10441666666666667 0.129546875 0.1993611111111111
1 0.18944531250000002 0.14206944444444444 0.0560078125 0.109375
1 0.036546875 0.14672222222222223 0.036289062500000004 0.10933333333333334
1 0.9596328125 0.8654305555555556 0.0807265625 0.129
0 0.013023437500000002 0.2157222222222222 0.026039062499999998 0.040777777777777774
0 0.1894296875 0.16294444444444445 0.0091640625 0.016708333333333332
0 0.0425859375 0.13318055555555555 0.008984375 0.01423611111111111