0 0.5899296875 0.019819444444444445 0.033515625 0.03963888888888889
0 0.1102109375 0.21226388888888892 0.02978125 0.04122222222222222
1 0.511578125 0.04673611111111111 0.050578124999999995 0.09345833333333334
0 0.49596875 0.11447222222222223 0.02371875 0.051569444444444446
0 0.65378125 0.09498611111111112 0.0407265625 0.06672222222222222
0 0.0288515625 0.22595833333333332 0.0271328125 0.022458333333333337
1 0.7152578125 0.03243055555555556 0.1330703125 0.064875
0 0.21946875000000002 0.048930555555555554 0.0205390625 0.029833333333333333
0 0.187125 0.04638888888888889 0.014859375 0.021069444444444443
0 0.0949609375 0.07163888888888889 0.031578125 0.06461111111111112
1 0.057625 0.15779166666666666 0.0895390625 0.132
1 0.047390625 0.03559722222222222 0.061109375 0.07118055555555555
1 0.17146875 0.015069444444444444 0.09834375 0.030125000000000002