1 0.2171953125 0.22822222222222222 0.3244140625 0.4525
1 0.073515625 0.5695277777777777 0.1468046875 0.3161111111111111
1 0.5860859375 0.09288888888888888 0.08521875 0.18233333333333335
0 0.9809531249999999 0.574861111111111 0.037984375 0.06691666666666667
0 0.37956249999999997 0.45745833333333336 0.036 0.08027777777777777
0 0.1721328125 0.9678611111111112 0.053593749999999996 0.0642638888888889
0 0.14749218749999998 0.13375 0.0503203125 0.09670833333333333
1 0.9529687499999999 0.469875 0.07758593750000001 0.1381111111111111
1 0.0296875 0.2442638888888889 0.059375 0.13876388888888888
0 0.641796875 0.20870833333333336 0.0452109375 0.08176388888888889
1 0.5099375 0.049444444444444444 0.0214453125 0.042069444444444444
1 0.1028125 0.8284305555555556 0.1534921875 0.19915277777777776