0 0.6607109375 0.07954166666666668 0.057382812500000005 0.09444444444444444
1 0.5044375 0.04841666666666666 0.0518359375 0.095375
0 0.5905703124999999 0.019930555555555556 0.035859375 0.03986111111111111
1 0.048320312500000004 0.08818055555555555 0.09578125 0.1763611111111111
0 0.1123515625 0.20975000000000002 0.02559375 0.042388888888888886
0 0.49484374999999997 0.11880555555555557 0.0230078125 0.057402777777777775
0 0.2204140625 0.04784722222222223 0.0227109375 0.033930555555555554
0 0.188546875 0.04468055555555556 0.0187421875 0.02638888888888889
0 0.14984375 0.029222222222222222 0.0106328125 0.02952777777777778
0 0.02678125 0.22683333333333333 0.0401875 0.03245833333333333
1 0.165828125 0.01620833333333333 0.085015625 0.03240277777777777
1 0.6962578125000001 0.042819444444444445 0.094453125 0.08565277777777779