0 0.987703125 0.5447638888888889 0.023953125 0.06168055555555555
0 0.42167187500000003 0.5233055555555555 0.035312500000000004 0.060541666666666674
0 0.5824296875 0.41115277777777776 0.0331640625 0.07252777777777777
0 0.574484375 0.06683333333333333 0.017265625 0.034999999999999996
0 0.28078125 0.3365694444444445 0.008749999999999999 0.021319444444444443
0 0.1597109375 0.2625 0.016515625 0.020638888888888887
0 0.11857031250000001 0.3265416666666667 0.013968749999999999 0.035402777777777776
1 0.803359375 0.5245138888888888 0.3929921875 0.6904305555555555
1 0.4582265625 0.6146111111111111 0.1184609375 0.32633333333333336
1 0.27438281249999996 0.323625 0.033828125 0.086875
1 0.14450000000000002 0.2796111111111111 0.0367734375 0.12727777777777777