1 0.24622656250000002 0.27190277777777777 0.18685156249999998 0.27075
1 0.5406875 0.5037083333333333 0.1414609375 0.18895833333333334
0 0.2854453125 0.4376527777777778 0.027210937499999997 0.04656944444444445
0 0.357046875 0.586013888888889 0.06316406249999999 0.11072222222222222
0 0.6146171875 0.2958472222222222 0.037625 0.07413888888888889
0 0.195171875 0.26866666666666666 0.026500000000000003 0.051194444444444445
0 0.5833125 0.7024861111111111 0.039531250000000004 0.06155555555555556
0 0.35274218749999997 0.33169444444444446 0.0280703125 0.04909722222222222
0 0.10004687500000001 0.29505555555555557 0.0178359375 0.034805555555555555
1 0.5653203125 0.20468055555555556 0.08884375 0.13269444444444445
0 0.0071640625 0.29383333333333334 0.014320312499999998 0.037347222222222226
0 0.487203125 0.24969444444444444 0.0229921875 0.028402777777777777
0 0.609484375 0.6300277777777777 0.0153984375 0.017708333333333333
1 0.44945312499999995 0.17908333333333332 0.0750546875 0.13258333333333333
1 0.330515625 0.4970833333333333 0.047296875 0.09843055555555556
1 0.420921875 0.4046944444444444 0.0566015625 0.065625
1 0.4449609375 0.522375 0.024140625 0.03858333333333334
1 0.35653125 0.4087777777777778 0.026523437500000004 0.04818055555555555
1 0.083390625 0.2537361111111111 0.0259296875 0.04808333333333333