1 0.8307421875 0.7442916666666667 0.338515625 0.5048333333333334
0 0.6508984375 0.6677361111111111 0.066484375 0.09997222222222223
1 0.47330468750000004 0.8665972222222222 0.107765625 0.2668055555555556
1 0.142828125 0.3735277777777778 0.049171875 0.10179166666666667
0 0.445125 0.7825972222222223 0.05228125 0.12191666666666667
0 0.6477968749999999 0.1842222222222222 0.025234374999999996 0.03125
0 0.66303125 0.07176388888888889 0.0250546875 0.03154166666666667
0 0.11094531249999999 0.4388333333333333 0.0190703125 0.04466666666666666
0 0.16016406249999998 0.3575 0.01303125 0.039625
0 0.2916171875 0.4656666666666666 0.010515625 0.020513888888888887
1 0.2715390625 0.50125 0.0371328125 0.11361111111111111