1 0.1945546875 0.14955555555555555 0.23759375 0.2991111111111111
1 0.4518359375 0.052569444444444446 0.0753671875 0.10515277777777778
0 0.324125 0.5571527777777777 0.0748671875 0.120375
0 0.331125 0.20151388888888888 0.029359375 0.051541666666666666
0 0.6453125 0.7238611111111111 0.05387499999999999 0.08163888888888889
0 0.231921875 0.32661111111111113 0.03021875 0.06151388888888889
0 0.1527578125 0.13516666666666666 0.032140625 0.05277777777777778
0 0.6644609375 0.5984444444444444 0.019398437499999997 0.029333333333333336
0 0.032015625 0.15683333333333332 0.025960937499999996 0.05376388888888889
0 0.667375 0.18019444444444446 0.0198828125 0.030583333333333334
1 0.2674140625 0.43116666666666664 0.05695312500000001 0.15627777777777777
0 0.4960703125 0.11487499999999999 0.022132812499999998 0.04475
1 0.6443203125 0.12925 0.057085937499999996 0.064375
1 0.015609375 0.11418055555555555 0.03121875 0.0787361111111111
1 0.4097421875 0.2509722222222222 0.05192187499999999 0.10036111111111112
0 0.5822499999999999 0.5720416666666667 0.025281249999999998 0.05081944444444445
1 0.5171718750000001 0.45395833333333335 0.3163046875 0.4567638888888889
1 0.44309374999999995 0.38837499999999997 0.0753515625 0.12073611111111113