1 0.3461640625 0.49322222222222223 0.0509140625 0.15854166666666666
1 0.21912500000000001 0.07245833333333333 0.06790625 0.14490277777777777
0 0.695234375 0.42462500000000003 0.024140625 0.03356944444444444
0 0.6655234375 0.19859722222222223 0.0320546875 0.05229166666666667
1 0.7265234375 0.44063888888888886 0.053851562500000005 0.13170833333333334
1 0.7037109375 0.19783333333333333 0.057984375 0.13036111111111112
0 0.2850546875 0.3526944444444444 0.018312500000000002 0.024555555555555556
0 0.6038515624999999 0.4711666666666667 0.0162578125 0.02988888888888889
0 0.352421875 0.022736111111111113 0.0138984375 0.023972222222222225
1 0.33746875 0.06944444444444445 0.07766406249999999 0.1388888888888889
0 0.2496171875 0.05958333333333333 0.019 0.042875