1 0.37946875 0.12273611111111112 0.032710937499999995 0.13075
1 0.667078125 0.09320833333333334 0.039515625 0.114
0 0.6480625 0.08530555555555555 0.01625 0.031222222222222224
0 0.7681640625 0.5867916666666667 0.03390625 0.06823611111111111
1 0.10320312499999999 0.8954166666666667 0.05680468749999999 0.1235138888888889
0 0.0627890625 0.9672361111111111 0.0234140625 0.034361111111111106
0 0.7334921875 0.7825555555555557 0.0254296875 0.04948611111111111
0 0.3254609375 0.07838888888888888 0.014765625 0.022263888888888892
1 0.58275 0.10605555555555556 0.019296874999999998 0.04738888888888888
0 0.126515625 0.865625 0.013648437499999999 0.021958333333333333
0 0.38870312500000004 0.10584722222222222 0.014703125000000001 0.034847222222222224
0 0.575421875 0.11573611111111111 0.012171875 0.026625000000000003