1 0.5049609375 0.04722222222222222 0.0528203125 0.09379166666666666
0 0.590296875 0.02001388888888889 0.036125000000000004 0.04002777777777778
0 0.11187499999999999 0.20981944444444445 0.025124999999999998 0.041125
1 0.05541406250000001 0.11534722222222221 0.10999218749999999 0.23069444444444442
0 0.49497656250000005 0.11763888888888889 0.023421875 0.059208333333333335
0 0.6592734375 0.08715277777777777 0.0545390625 0.09308333333333332
0 0.2200234375 0.0525 0.0189375 0.030416666666666665
0 0.1915625 0.044125 0.0153046875 0.01938888888888889
0 0.090609375 0.08225 0.03753125 0.04036111111111111
1 0.162765625 0.013888888888888888 0.0807109375 0.027777777777777776
0 0.0294609375 0.2269027777777778 0.032359375 0.02719444444444444
0 0.14915625 0.022055555555555557 0.01171875 0.028999999999999998
1 0.70103125 0.03733333333333333 0.0954140625 0.07465277777777778