0 0.36810156250000003 0.28888888888888886 0.0311875 0.09047222222222222
0 0.2170859375 0.29670833333333335 0.0230078125 0.06173611111111112
0 0.139671875 0.22895833333333332 0.027242187499999997 0.06040277777777778
1 0.9019140625000001 0.4792916666666666 0.1519609375 0.22358333333333333
1 0.056398437499999995 0.6735 0.11279687499999999 0.22756944444444444
0 0.9498046875 0.6660694444444444 0.06088281250000001 0.07841666666666666
0 0.48023437500000005 0.8478333333333334 0.068609375 0.1623888888888889
1 0.42564843750000003 0.48688888888888887 0.23215625 0.7791666666666667
1 0.810984375 0.30025 0.07275781249999999 0.13184722222222223
1 0.21066406249999997 0.22395833333333334 0.034835937500000004 0.08830555555555555
1 0.054328125000000005 0.7198194444444445 0.0870390625 0.13477777777777777