0 0.5989921875 0.4641388888888889 0.055218750000000004 0.06520833333333334
0 0.0973515625 0.057999999999999996 0.0333828125 0.07633333333333334
0 0.0225625 0.017472222222222222 0.03703125 0.034944444444444445
1 0.703359375 0.3224861111111111 0.0726953125 0.1753611111111111
0 0.47359375000000004 0.248 0.020109375 0.027138888888888886
1 0.5248437499999999 0.18280555555555555 0.09916406250000001 0.11586111111111111
1 0.64784375 0.4740138888888889 0.0156640625 0.05466666666666667
1 0.7072734374999999 0.47256944444444443 0.026523437500000004 0.06876388888888889
1 0.741953125 0.5461805555555556 0.0108828125 0.028
1 0.750015625 0.49069444444444443 0.0156640625 0.023249999999999996
1 0.7815624999999999 0.427875 0.034484375 0.04556944444444445
1 0.830265625 0.4509861111111111 0.030320312500000002 0.028583333333333332
1 0.8923828125 0.4791388888888889 0.0191328125 0.036972222222222226
1 0.9663203125000001 0.6116805555555556 0.030906250000000003 0.05905555555555556