1 0.8236171875 0.24373611111111113 0.352765625 0.2465138888888889
0 0.2432734375 0.2516388888888889 0.0430390625 0.059180555555555556
0 0.850390625 0.6646666666666666 0.0407890625 0.042041666666666665
0 0.46154687499999997 0.044194444444444446 0.048171874999999996 0.050902777777777776
1 0.3322421875 0.16988888888888887 0.23805468749999997 0.20044444444444443
0 0.8635234374999999 0.3762916666666667 0.0329765625 0.04109722222222222
0 0.1750234375 0.45288888888888884 0.0318984375 0.06240277777777778
0 0.6196875000000001 0.3721527777777778 0.0400078125 0.06672222222222222
0 0.6357578125 0.3688194444444445 0.0701640625 0.07877777777777778
1 0.21472656250000002 0.3775833333333333 0.1113203125 0.13670833333333335
0 0.0745625 0.06093055555555555 0.014328125 0.02770833333333333
0 0.035546875 0.005347222222222222 0.0106328125 0.010680555555555556