1 0.71821875 0.40031944444444445 0.05014062500000001 0.09945833333333333
1 0.2161640625 0.06790277777777778 0.0784453125 0.13581944444444446
1 0.3514765625 0.4206388888888889 0.03846875 0.15259722222222222
0 0.6638203125000001 0.1612222222222222 0.0239375 0.04461111111111111
0 0.692203125 0.38384722222222223 0.0202890625 0.03301388888888889
0 0.2566953125 0.03090277777777778 0.01615625 0.03894444444444444
0 0.28603125 0.3249444444444445 0.0148828125 0.023805555555555555
0 0.364984375 0.3824444444444445 0.01621875 0.027180555555555555
1 0.3366796875 0.03795833333333333 0.060265625 0.0735
1 0.700671875 0.15813888888888888 0.0716328125 0.125875
1 0.61034375 0.4473333333333333 0.023578125 0.07658333333333334
0 0.6008125 0.4358055555555555 0.013828125 0.026291666666666665