1 0.687671875 0.24466666666666667 0.304140625 0.48456944444444444
0 0.9331328125 0.9462638888888888 0.13373437500000002 0.10747222222222222
0 0.9199140625 0.2507638888888889 0.0591953125 0.0751388888888889
1 0.42446875000000006 0.3008194444444445 0.072171875 0.16420833333333335
0 0.39939843750000004 0.3139861111111111 0.0300703125 0.041055555555555553
0 0.5501875 0.21454166666666666 0.0373125 0.05401388888888889
0 0.1457265625 0.14533333333333334 0.007773437499999999 0.017152777777777777
1 0.1297578125 0.13334722222222223 0.025234374999999996 0.059666666666666666
0 0.10809375000000002 0.20605555555555558 0.007054687499999999 0.014972222222222222
1 0.255234375 0.17240277777777777 0.028046875 0.047736111111111104
0 0.26109375 0.2038611111111111 0.0085 0.017569444444444447