0 0.044921875 0.39055555555555554 0.0185859375 0.024333333333333332
0 0.4726796875 0.07854166666666666 0.035609375 0.050680555555555555
0 0.546640625 0.5571666666666667 0.05150781250000001 0.09491666666666668
0 0.916828125 0.7830694444444444 0.03678125 0.03572222222222222
0 0.195203125 0.20584722222222224 0.049171875 0.04570833333333333
0 0.0582890625 0.3839444444444444 0.050093750000000006 0.041375
1 0.9729140624999999 0.8166388888888889 0.0541640625 0.10190277777777779
1 0.7736640625 0.5179444444444444 0.45267187499999995 0.4185416666666667
1 0.544109375 0.05416666666666667 0.1205078125 0.10833333333333334
1 0.24137499999999998 0.13795833333333332 0.17871874999999998 0.2759305555555555
1 0.050039062499999995 0.30754166666666666 0.09784375 0.14418055555555556