0 0.2933828125 0.13452777777777777 0.07984375 0.10226388888888888
0 0.7233671875 0.9513333333333334 0.0903984375 0.08970833333333333
0 0.4977890625 0.11001388888888888 0.025468750000000002 0.03902777777777778
0 0.1297109375 0.07156944444444445 0.0362578125 0.057
1 0.391984375 0.033888888888888885 0.153859375 0.06777777777777777
1 0.49132031249999997 0.7743055555555556 0.48089843749999994 0.4513888888888889
1 0.19046875000000002 0.7840555555555555 0.0826015625 0.14681944444444445
1 0.1012734375 0.9490694444444445 0.063078125 0.10184722222222221
1 0.9508828125000001 0.8311805555555556 0.098234375 0.11944444444444445
1 0.10587500000000001 0.026625000000000003 0.030429687500000004 0.05323611111111111
1 0.0478203125 0.019680555555555555 0.031953125 0.03934722222222222