1 0.41049218749999994 0.5440138888888889 0.0774140625 0.17552777777777778
0 0.532453125 0.4830277777777777 0.025742187500000003 0.037861111111111116
0 0.8530078124999999 0.5116388888888889 0.06290625 0.06237499999999999
1 0.6503671875 0.4658611111111111 0.2753515625 0.41734722222222226
1 0.2277421875 0.11177777777777778 0.0354296875 0.08844444444444445
0 0.39390625 0.5659305555555556 0.0314296875 0.04715277777777778
0 0.23382031250000002 0.16030555555555556 0.0128046875 0.021111111111111112
1 0.3087421875 0.1753333333333333 0.015640625 0.04005555555555555
1 0.27842968749999997 0.44701388888888893 0.0190703125 0.043555555555555556
1 0.9186171875 0.5006527777777778 0.07292968749999999 0.11936111111111111
1 0.46778125 0.13530555555555557 0.019515625 0.03843055555555556
1 0.45083593750000006 0.08690277777777777 0.0227578125 0.05188888888888889
1 0.278296875 0.103 0.0430078125 0.05443055555555555
1 0.1750546875 0.4148472222222222 0.020984375 0.04876388888888889
0 0.14745312500000002 0.4655972222222223 0.005875 0.01325
0 0.2804921875 0.4703472222222222 0.01128125 0.017652777777777778
0 0.1828359375 0.42079166666666673 0.0102109375 0.012597222222222223
0 0.2683125 0.20794444444444443 0.010249999999999999 0.014680555555555556
0 0.287890625 0.138875 0.012109375 0.013916666666666666
0 0.4223828125 0.16594444444444445 0.006804687500000001 0.015319444444444443
0 0.46292968749999996 0.15770833333333334 0.0057734375 0.014430555555555556
0 0.52671875 0.2345277777777778 0.005015625 0.010277777777777778
0 0.515671875 0.2708333333333333 0.0116328125 0.020819444444444446
0 0.446953125 0.12556944444444443 0.0103828125 0.01622222222222222
0 0.311125 0.197 0.011164062499999999 0.01625