0 0.3671484375 0.166125 0.031078125 0.06244444444444445
1 0.020015625000000002 0.11204166666666666 0.0396171875 0.21512499999999998
0 0.855609375 0.7633055555555556 0.03409375 0.05555555555555555
0 0.725140625 0.44465277777777773 0.01815625 0.025791666666666668
1 0.4097578125 0.12269444444444445 0.098609375 0.15180555555555555
0 0.035734375 0.23059722222222223 0.0196875 0.02488888888888889
0 0.0112578125 0.3484305555555556 0.0218203125 0.029791666666666664
0 0.40703125 0.22118055555555555 0.029117187500000002 0.053
1 0.3123046875 0.18645833333333334 0.027109375 0.09451388888888888
1 0.93653125 0.7476805555555556 0.0988046875 0.18666666666666668
0 0.0042265625 0.23002777777777778 0.0070234375 0.01675
0 0.3058984375 0.241125 0.0187421875 0.051680555555555556
1 0.794390625 0.4287777777777778 0.11026562499999999 0.1067638888888889
1 0.77725 0.4027222222222222 0.0714765625 0.09824999999999999
1 0.8319296875 0.4815277777777778 0.013507812499999999 0.020708333333333332