1 0.097453125 0.07256944444444445 0.18548437499999998 0.1451388888888889
1 0.7810078125000001 0.19480555555555554 0.20614062500000002 0.26358333333333334
0 0.49812500000000004 0.3510972222222222 0.0359296875 0.05580555555555555
0 0.0469296875 0.15483333333333335 0.05609375 0.07643055555555556
0 0.0377109375 0.40729166666666666 0.0353203125 0.05547222222222222
0 0.617328125 0.09770833333333333 0.0583125 0.14309722222222224
1 0.5248046875 0.3294722222222222 0.0703984375 0.19230555555555556
0 0.700328125 0.27116666666666667 0.07825 0.12987500000000002
0 0.194609375 0.1213611111111111 0.0305 0.050888888888888886
1 0.668671875 0.049805555555555554 0.1686875 0.09961111111111111
0 0.16207031249999998 0.12211111111111111 0.015492187499999999 0.02356944444444444
1 0.013453125 0.3922638888888889 0.0268984375 0.08934722222222222
0 0.6090703125 0.14154166666666665 0.04553125 0.05551388888888889