0 0.313359375 0.28002777777777776 0.021593750000000002 0.07138888888888889
1 0.911125 0.483 0.17775000000000002 0.47426388888888893
1 0.307375 0.18405555555555558 0.0318828125 0.13506944444444444
1 0.0944765625 0.8524027777777778 0.188953125 0.29520833333333335
0 0.45814843749999995 0.2911944444444444 0.026625 0.10123611111111111
0 0.5785625 0.98125 0.058367187499999994 0.03748611111111111
1 0.1300859375 0.4242222222222222 0.1646328125 0.373125
1 0.5073828125000001 0.42070833333333335 0.22115625 0.7865138888888888
0 0.23909375000000002 0.21406944444444445 0.0225625 0.036500000000000005
1 0.573734375 0.8751944444444444 0.0827734375 0.18238888888888888
1 0.45257031249999996 0.15593055555555554 0.08271875 0.2625138888888889
1 0.7394375 0.06047222222222222 0.030859375 0.05708333333333333
1 0.0798515625 0.7589583333333334 0.0735625 0.11691666666666668
0 0.5718593750000001 0.9154027777777778 0.06331250000000001 0.16456944444444443
1 0.012843750000000001 0.5894861111111112 0.025687500000000002 0.10779166666666666
1 0.8649140624999999 0.28156944444444443 0.0875703125 0.07345833333333333
0 0.23860156250000003 0.1910416666666667 0.0237734375 0.07894444444444446
1 0.9003828125 0.34600000000000003 0.019523437499999997 0.034527777777777775
1 0.753203125 0.17752777777777776 0.023515625000000002 0.04595833333333334