1 0.09441406249999999 0.7509861111111111 0.059390624999999996 0.14670833333333333
1 0.356421875 0.06315277777777778 0.0297109375 0.101875
0 0.69665625 0.5298472222222222 0.0200625 0.03686111111111111
1 0.2443828125 0.8670138888888889 0.0550390625 0.15316666666666667
0 0.7195546875 0.3752083333333333 0.026875 0.04475
0 0.0665390625 0.7797638888888888 0.01971875 0.03186111111111111
0 0.539078125 0.03340277777777778 0.0084609375 0.015166666666666667
0 0.3666875 0.05320833333333334 0.01221875 0.023680555555555555
0 0.3005390625 0.03972222222222222 0.0138828125 0.022958333333333334
0 0.27371875 0.8241388888888889 0.0111953125 0.02575
0 0.60096875 0.011027777777777779 0.014710937499999998 0.021986111111111113
0 0.127359375 0.6572777777777777 0.020890625 0.05563888888888889