0 0.7287265625 0.7576805555555555 0.02459375 0.04088888888888889
0 0.617296875 0.018930555555555558 0.016960937500000002 0.03409722222222222
1 0.38572656250000004 0.18516666666666665 0.033875 0.12101388888888888
0 0.7602578125 0.5712222222222222 0.03434375 0.04868055555555555
0 0.1278046875 0.8433472222222222 0.021476562499999997 0.058916666666666666
0 0.06065625 0.950625 0.025703125 0.03623611111111111
1 0.0950234375 0.925 0.047453125 0.15
1 0.6538671875000001 0.133375 0.026632812500000002 0.07213888888888889
1 0.6356640625 0.021763888888888888 0.033875 0.04351388888888889
0 0.3348671875 0.13922222222222222 0.0125546875 0.019694444444444445
0 0.5723203125 0.16165277777777778 0.014734375 0.017444444444444446
0 0.639171875 0.1379027777777778 0.0174921875 0.026055555555555557
0 0.6166640625 0.02238888888888889 0.01771875 0.03856944444444444
0 0.3940390625 0.16061111111111112 0.018171875 0.034333333333333334