1 0.8567265624999999 0.8598888888888889 0.2865390625 0.27737500000000004
0 0.4751015625 0.9600555555555556 0.05828124999999999 0.07920833333333334
0 0.6933671875 0.8229861111111111 0.0718515625 0.08723611111111111
0 0.6500078125 0.3252083333333333 0.02578125 0.04477777777777778
1 0.1293046875 0.5714861111111111 0.052460937500000006 0.121375
0 0.10511718750000001 0.6418055555555556 0.02353125 0.043944444444444446
0 0.6568515625 0.21386111111111109 0.030289062500000002 0.04841666666666666
0 0.3212890625 0.03966666666666666 0.016273437499999998 0.03177777777777778
0 0.2616796875 0.03913888888888889 0.010499999999999999 0.018944444444444444
0 0.29900000000000004 0.6598611111111111 0.013984374999999999 0.041375
0 0.15515625 0.5587361111111111 0.0126015625 0.035291666666666666
0 0.478515625 0.003472222222222222 0.0117109375 0.006944444444444444
1 0.2888828125 0.6909861111111111 0.0394296875 0.23844444444444446