1 0.31355468750000004 0.16041666666666668 0.176484375 0.21355555555555555
1 0.7645859374999999 0.22705555555555554 0.25099218749999996 0.2816944444444444
0 0.45459375 0.03923611111111111 0.0345078125 0.05479166666666667
0 0.6171484375 0.36612500000000003 0.044890625 0.08358333333333333
0 0.2332421875 0.2605 0.029898437500000003 0.050041666666666665
0 0.1759609375 0.4529166666666667 0.0365703125 0.06516666666666666
1 0.21251562499999999 0.38649999999999995 0.11085937500000001 0.1092777777777778
1 0.9227734375000001 0.3110833333333333 0.0799921875 0.164
0 0.8588125 0.37143055555555554 0.0338828125 0.035111111111111114
0 0.0730078125 0.06273611111111112 0.0180546875 0.02731944444444445
0 0.0310234375 0.006944444444444444 0.010875 0.013888888888888888