0 0.5021171875 0.32175 0.031390625 0.041375
1 0.596140625 0.12606944444444443 0.0442421875 0.1668611111111111
0 0.1374140625 0.2625138888888889 0.028984375 0.057555555555555554
0 0.3573046875 0.24394444444444444 0.0271015625 0.03640277777777778
0 0.4498984375 0.1870138888888889 0.009171875 0.018347222222222223
0 0.348046875 0.16972222222222222 0.0124921875 0.018208333333333333
0 0.370421875 0.17738888888888887 0.0103828125 0.023708333333333335
0 0.056523437499999996 0.13508333333333333 0.015867187499999998 0.024958333333333332
1 0.3639609375 0.16062500000000002 0.0560390625 0.13015277777777776
1 0.4534375 0.1442361111111111 0.0201640625 0.05526388888888889
1 0.5024140625 0.2173888888888889 0.05365625 0.14854166666666668
1 0.086359375 0.075 0.057476562499999995 0.11734722222222221
1 0.1533203125 0.19402777777777777 0.044921875 0.07375