1 0.85334375 0.26402777777777775 0.2933203125 0.2676527777777778
1 0.3450234375 0.19081944444444443 0.21685156249999998 0.2455277777777778
0 0.68915625 0.40818055555555555 0.05084375 0.07723611111111112
0 0.18275 0.5054444444444445 0.045140625000000004 0.06679166666666667
0 0.49714843750000004 0.10488888888888888 0.0403203125 0.050513888888888886
0 0.0992890625 0.11586111111111111 0.017570312499999997 0.02288888888888889
0 0.061921875 0.06108333333333333 0.017078125 0.03525
0 0.25715625000000003 0.2955833333333333 0.0247578125 0.04023611111111111
1 0.24690625000000002 0.4381111111111111 0.13964062500000002 0.10526388888888889
0 0.9791015625 0.41313888888888883 0.031125000000000003 0.025555555555555554
1 0.546875 0.05298611111111111 0.11978906250000002 0.08684722222222223