1 0.32615625000000004 0.23370833333333335 0.094703125 0.2228472222222222
0 0.80475 0.6049305555555555 0.0421015625 0.06519444444444444
1 0.44078906250000005 0.24795833333333334 0.0785234375 0.21659722222222222
1 0.40658593749999994 0.8197916666666667 0.057499999999999996 0.13902777777777778
1 0.8516796875000001 0.6431805555555555 0.0767265625 0.19777777777777777
0 0.361703125 0.2507083333333333 0.023046875 0.043263888888888886
0 0.352703125 0.6164166666666666 0.0185234375 0.03134722222222222
0 0.46596875000000004 0.23672222222222222 0.01915625 0.029319444444444443
0 0.8159531250000001 0.9408749999999999 0.031375 0.06033333333333333
0 0.692640625 0.9648055555555555 0.0180859375 0.0638611111111111
0 0.4350390625 0.18558333333333335 0.012742187499999998 0.026972222222222224
1 0.3776171875 0.04670833333333334 0.041640625 0.07788888888888888