0 0.1115546875 0.06894444444444445 0.0166875 0.01877777777777778
0 0.34084375 0.015625 0.01040625 0.030125000000000002
0 0.1717421875 0.043944444444444446 0.0087890625 0.012791666666666668
0 0.35754687500000004 0.052263888888888894 0.0093125 0.024166666666666666
0 0.72375 0.36443055555555554 0.038609375 0.050833333333333335
0 0.3205546875 0.4817916666666667 0.0271484375 0.025819444444444443
0 0.20466406250000002 0.1099861111111111 0.0085859375 0.01638888888888889
0 0.7268984374999999 0.8820833333333333 0.062125 0.0789861111111111
0 0.44605468750000005 0.3836388888888889 0.0256015625 0.040125
0 0.055882812500000004 0.4122916666666667 0.0101171875 0.014305555555555556
0 0.0888125 0.36130555555555555 0.006750000000000001 0.014416666666666668
0 0.19632812500000002 0.39820833333333333 0.009421875 0.016555555555555556
0 0.42311718750000005 0.17683333333333331 0.00584375 0.016708333333333332
0 0.4336015625 0.13120833333333334 0.008843750000000001 0.020916666666666667
0 0.3204609375 0.06791666666666667 0.0049140625 0.012305555555555554
0 0.14775 0.042166666666666665 0.0107421875 0.013819444444444443
0 0.1555859375 0.12308333333333334 0.010703124999999999 0.01863888888888889
0 0.09957031250000001 0.029069444444444443 0.006070312499999999 0.010374999999999999
1 0.0833984375 0.3567083333333333 0.0220078125 0.06202777777777777
1 0.327484375 0.4480972222222222 0.039820312499999996 0.12602777777777777
1 0.5194765625 0.3359583333333333 0.172515625 0.35956944444444444
1 0.79471875 0.34525 0.11444531250000001 0.10022222222222221
1 0.8770859375000001 0.8675972222222221 0.24583593750000002 0.26481944444444444
1 0.2003046875 0.08515277777777779 0.0191796875 0.033388888888888885
1 0.3635390625 0.03179166666666667 0.0135546875 0.028999999999999998
1 0.1703671875 0.020375 0.025937500000000002 0.04073611111111111
1 0.145328125 0.01620833333333333 0.0197578125 0.03240277777777777
1 0.100703125 0.029625 0.043390625 0.059263888888888894
1 0.194625 0.37813888888888886 0.0232421875 0.03220833333333333