0 0.260609375 0.4404722222222222 0.029695312499999998 0.036347222222222225
0 0.29081250000000003 0.38548611111111114 0.012718750000000001 0.021194444444444443
0 0.046875 0.18716666666666665 0.0244765625 0.03052777777777778
1 0.15065625 0.044736111111111115 0.0892890625 0.08947222222222223
1 0.25685156249999996 0.31886111111111115 0.064203125 0.08520833333333333
0 0.7433359375 0.11804166666666666 0.0248359375 0.034083333333333334
0 0.032210937499999995 0.41023611111111113 0.06442187499999999 0.09563888888888888
0 0.22976562500000003 0.3780138888888889 0.0234375 0.028291666666666666
0 0.33346875 0.12559722222222222 0.016710937500000002 0.02359722222222222
0 0.20330468750000003 0.0915 0.0210703125 0.018972222222222224
1 0.0123515625 0.10823611111111112 0.0246953125 0.09651388888888889