1 0.8474999999999999 0.78925 0.3049921875 0.4215138888888889
0 0.6761250000000001 0.6969444444444445 0.055078125 0.08251388888888889
1 0.52453125 0.8525138888888888 0.139328125 0.2949722222222222
0 0.486640625 0.8275972222222222 0.06349218749999999 0.0973611111111111
0 0.12565625 0.5435416666666667 0.0228828125 0.04658333333333333
0 0.64921875 0.15843055555555555 0.022859375 0.03690277777777778
1 0.3049140625 0.5629861111111112 0.041749999999999995 0.15380555555555556
0 0.6409453125 0.25698611111111114 0.0148671875 0.029152777777777774
0 0.3355078125 0.036069444444444446 0.012578125 0.021611111111111112
0 0.279609375 0.03826388888888889 0.01109375 0.017208333333333332
0 0.17576562499999998 0.46462499999999995 0.0156640625 0.03256944444444444
1 0.15921875000000002 0.4936527777777778 0.0370234375 0.11338888888888889
0 0.3106328125 0.5593333333333333 0.011546875 0.030625
1 0.329296875 0.011291666666666669 0.023046875 0.022569444444444444