1 0.3610703125 0.16647222222222222 0.044429687499999995 0.15716666666666665
0 0.6736953125 0.11955555555555555 0.023804687499999998 0.041569444444444444
0 0.3024765625 0.1056388888888889 0.0141796875 0.022375
0 0.8311640625000001 0.7846805555555556 0.047625 0.07706944444444444
1 0.70096875 0.12606944444444443 0.0538828125 0.1246111111111111
0 0.37800781250000004 0.14581944444444445 0.0134375 0.024763888888888887
0 0.5912499999999999 0.1579722222222222 0.0117421875 0.026305555555555558
1 0.60090625 0.15584722222222222 0.029906250000000002 0.09033333333333335
1 0.70025 0.010847222222222222 0.0469375 0.021486111111111112
1 0.2948828125 0.10694444444444444 0.019664062500000003 0.03256944444444444
0 0.813375 0.7614027777777779 0.016523437499999998 0.025958333333333337