0 0.3483828125 0.04094444444444444 0.0161875 0.019430555555555555
0 0.7359218750000001 0.029416666666666667 0.02815625 0.04534722222222222
0 0.3156640625 0.22743055555555555 0.0131953125 0.017361111111111112
0 0.2908828125 0.2472361111111111 0.025656250000000002 0.026361111111111113
0 0.2635703125 0.21690277777777775 0.011921875 0.01411111111111111
0 0.08206250000000001 0.23509722222222224 0.06929687500000001 0.09
0 0.082890625 0.08931944444444445 0.02953125 0.03318055555555555
0 0.005375 0.1511111111111111 0.0107421875 0.05541666666666666
0 0.2270078125 0.03626388888888889 0.014734375 0.014277777777777776
0 0.2235546875 0.012847222222222222 0.0196953125 0.01598611111111111
1 0.334421875 0.01476388888888889 0.028429687500000002 0.029513888888888888
1 0.2683046875 0.15455555555555556 0.09425 0.09713888888888889
1 0.06378125 0.03961111111111111 0.028695312499999997 0.05619444444444444