0 0.0713125 0.033791666666666664 0.030656250000000003 0.06683333333333333
0 0.60453125 0.4652777777777778 0.039781250000000004 0.06944444444444445
0 0.470765625 0.21875 0.022257812499999998 0.034708333333333334
1 0.5312734375 0.15765277777777778 0.10421093749999999 0.13011111111111112
1 0.675265625 0.4529166666666667 0.12396875 0.13268055555555555
1 0.800359375 0.45275000000000004 0.0460390625 0.10920833333333332
1 0.7827578125 0.3118472222222222 0.0290625 0.07075
1 0.9022890625000001 0.4024027777777778 0.0391640625 0.06406944444444444
1 0.8521875 0.4845277777777778 0.0195859375 0.03851388888888889
1 0.8758125 0.5839305555555556 0.019203124999999998 0.04048611111111111
1 0.7658984375 0.2219722222222222 0.0306953125 0.04215277777777778