1 0.6038515624999999 0.43568055555555557 0.2100703125 0.3219444444444445
0 0.50734375 0.4464027777777778 0.0231484375 0.03176388888888889
0 0.80796875 0.4669027777777778 0.04584375 0.05688888888888889
1 0.3851171875 0.49540277777777775 0.056984375 0.10808333333333332
0 0.2603828125 0.1082638888888889 0.0094453125 0.012958333333333334
0 0.43508593749999996 0.12412500000000001 0.009625 0.020722222222222222
0 0.41959375000000004 0.09198611111111112 0.011140625 0.022680555555555554
0 0.2044140625 0.12866666666666668 0.012843750000000001 0.017902777777777778
0 0.3773125 0.5371111111111111 0.0206796875 0.03375
0 0.283203125 0.17029166666666667 0.008609374999999999 0.012458333333333333
1 0.282265625 0.14494444444444443 0.0192421875 0.04808333333333333
1 0.193875 0.07634722222222222 0.0401328125 0.09668055555555556
1 0.1555625 0.38593055555555555 0.0199453125 0.05552777777777777
0 0.49296093750000003 0.24018055555555556 0.0076328125 0.018486111111111113
1 0.25720312500000003 0.42384722222222226 0.021249999999999998 0.051291666666666666
0 0.394921875 0.13225 0.0051484375 0.010777777777777777
1 0.24485937500000002 0.07458333333333333 0.041703125 0.050625
1 0.42318749999999994 0.05334722222222222 0.017585937500000003 0.04581944444444445
0 0.1927890625 0.09354166666666666 0.00603125 0.012402777777777778
0 0.260734375 0.44316666666666665 0.008843750000000001 0.013
0 0.2395 0.1833611111111111 0.007578125 0.016805555555555556
0 0.2339765625 0.10648611111111111 0.0104765625 0.013430555555555555
1 0.891203125 0.9807638888888889 0.1660859375 0.03847222222222222
0 0.1265 0.4433333333333333 0.0082578125 0.015319444444444443
0 0.50203125 0.19640277777777776 0.009929687500000001 0.030805555555555555