1 0.0497109375 0.10263888888888889 0.0994140625 0.20529166666666668
0 0.59075 0.019180555555555555 0.038492187500000004 0.03836111111111111
1 0.5068984375000001 0.05161111111111111 0.0455234375 0.09098611111111111
0 0.49574999999999997 0.11438888888888889 0.025859375 0.058361111111111114
0 0.6565703125 0.07468055555555556 0.0482109375 0.11580555555555555
0 0.0909296875 0.085 0.029179687500000002 0.02976388888888889
0 0.1062265625 0.20794444444444443 0.033937499999999995 0.04109722222222222
0 0.2213203125 0.04765277777777778 0.020890625 0.029708333333333333
0 0.189546875 0.04311111111111111 0.0115234375 0.015625
1 0.770390625 0.029625 0.0321328125 0.051861111111111115
1 0.67890625 0.03934722222222222 0.071359375 0.07870833333333334
1 0.1458984375 0.019680555555555555 0.051953125 0.03934722222222222
0 0.026945312500000002 0.2228472222222222 0.0294375 0.031152777777777776