1 0.37048437500000003 0.7914861111111111 0.11421875 0.2508611111111111
1 0.41102343750000003 0.5568194444444445 0.1130078125 0.091
0 0.64121875 0.0753888888888889 0.045203125 0.06755555555555556
0 0.146078125 0.85925 0.05971875 0.09511111111111112
0 0.9609609375 0.11179166666666666 0.0444609375 0.052375
0 0.30569531250000004 0.7671805555555555 0.02915625 0.05334722222222222
0 0.41353125 0.21120833333333333 0.051500000000000004 0.06726388888888889
0 0.3844609375 0.3214722222222222 0.063 0.12111111111111111
0 0.3360390625 0.9474722222222222 0.0349921875 0.042375
1 0.9772109375 0.04176388888888889 0.0455703125 0.08315277777777777
1 0.6556015625 0.01851388888888889 0.035164062499999996 0.03704166666666667