1 0.940796875 0.6748888888888889 0.1159140625 0.36504166666666665
1 0.48589843750000006 0.628125 0.14065624999999998 0.7437361111111112
0 0.2851171875 0.15354166666666666 0.0209453125 0.058361111111111114
1 0.4298125 0.05544444444444445 0.0508515625 0.1108888888888889
0 0.209171875 0.030708333333333334 0.021421875 0.058472222222222224
1 0.279859375 0.07390277777777778 0.032484374999999996 0.12066666666666666
0 0.44382031250000004 0.16744444444444445 0.031296875 0.10197222222222223
1 0.8591093750000001 0.1905277777777778 0.049390625 0.12011111111111111
0 0.5209453125 0.9724583333333333 0.048921875 0.05506944444444444
0 0.9853125 0.9232916666666666 0.029375000000000002 0.08413888888888889
1 0.8772109374999999 0.358875 0.1170546875 0.15181944444444445
1 0.1332578125 0.9773750000000001 0.124015625 0.04525
0 0.4448203125 0.20019444444444442 0.020429687499999998 0.04468055555555556