1 0.80096875 0.6379722222222222 0.3980546875 0.7240694444444445
1 0.445 0.6382777777777778 0.09768750000000001 0.29436111111111113
0 0.42600781249999997 0.5818194444444444 0.048703125 0.07908333333333332
0 0.5802343750000001 0.45719444444444446 0.032968750000000005 0.047736111111111104
1 0.14288281249999998 0.2927916666666667 0.034953125 0.09055555555555556
1 0.2689140625 0.36104166666666665 0.0338671875 0.10802777777777778
0 0.5762734375 0.098625 0.0210625 0.03313888888888889
0 0.2792734375 0.37070833333333336 0.0087734375 0.01838888888888889
0 0.9951171875 0.5915694444444445 0.009765625 0.07379166666666667
0 0.5886250000000001 0.01476388888888889 0.015140625 0.029513888888888888
0 0.11474999999999999 0.361375 0.010734375 0.02725
0 0.1525078125 0.2907222222222222 0.012046875 0.02272222222222222