1 0.08399999999999999 0.7280694444444445 0.1024140625 0.2111111111111111
0 0.3727578125 0.29665277777777777 0.03340625 0.09470833333333332
1 0.8592734375 0.4436527777777778 0.19296875 0.37218055555555557
1 0.455046875 0.5580416666666667 0.23240625 0.642375
0 0.1506640625 0.23643055555555553 0.024640625 0.06601388888888889
0 0.22449218750000002 0.3080555555555556 0.0202265625 0.06090277777777778
0 0.48666406249999994 0.87225 0.0583984375 0.089875
1 0.354078125 0.16620833333333335 0.0641484375 0.15855555555555556
0 0.9264609374999999 0.6659166666666666 0.0466796875 0.07022222222222223
1 0.8833125000000001 0.11993055555555555 0.0420234375 0.08708333333333333
1 0.74534375 0.20208333333333334 0.11373437500000001 0.21668055555555554
1 0.21459375 0.23701388888888889 0.037601562500000005 0.10234722222222221
1 0.1453828125 0.16476388888888888 0.031492187500000005 0.07325000000000001
1 0.005375 0.7649305555555556 0.0107421875 0.07847222222222222