1 0.6210625000000001 0.42670833333333336 0.18728125 0.375125
1 0.4052734375 0.5244444444444445 0.10101562500000001 0.21345833333333333
0 0.5378671875000001 0.4806944444444445 0.0326171875 0.048916666666666664
1 0.2251484375 0.10263888888888889 0.035546875 0.08738888888888889
0 0.3949375 0.5658472222222223 0.0290859375 0.044041666666666666
1 0.932890625 0.5010694444444445 0.0754765625 0.12495833333333334
0 0.23132031249999999 0.149 0.011757812500000001 0.01952777777777778
0 0.85571875 0.5042638888888888 0.0410859375 0.058388888888888886
1 0.16928125 0.4040138888888889 0.018914062500000002 0.044833333333333336
0 0.44636718750000004 0.10975 0.0123515625 0.021972222222222223
0 0.532265625 0.21869444444444447 0.009640625 0.018972222222222224
0 0.3065859375 0.1870138888888889 0.008179687500000001 0.013444444444444445
1 0.273578125 0.4390277777777778 0.0227578125 0.048236111111111105
0 0.51878125 0.26330555555555557 0.0122265625 0.021388888888888888
1 0.30609375 0.164875 0.0150390625 0.042222222222222223
0 0.42260937500000006 0.15355555555555556 0.0063515625000000004 0.013458333333333333
1 0.288765625 0.10429166666666667 0.024617187500000002 0.03751388888888889
0 0.1420625 0.45391666666666663 0.009390625 0.01486111111111111
0 0.2774140625 0.4599305555555555 0.00809375 0.011458333333333333
0 0.284796875 0.12586111111111112 0.0103671875 0.01661111111111111
0 0.263953125 0.12356944444444444 0.007648437499999999 0.014805555555555556
0 0.2643515625 0.19556944444444443 0.0090078125 0.01425
0 0.459546875 0.14316666666666666 0.0103984375 0.020805555555555556
0 0.1775625 0.4076388888888889 0.009093750000000001 0.01638888888888889