0 0.7736328125 0.4410277777777778 0.06444531249999999 0.07648611111111112
0 0.7672890625 0.9569444444444445 0.0673828125 0.08611111111111111
1 0.9015625 0.9006944444444445 0.196875 0.1986111111111111
0 0.483015625 0.4285416666666667 0.030093750000000002 0.04598611111111111
0 0.3514765625 0.5240694444444445 0.020148437499999998 0.03425
0 0.10402343750000001 0.4429166666666666 0.009140625 0.011388888888888888
0 0.138453125 0.3948611111111111 0.0090234375 0.013055555555555556
0 0.1712578125 0.11901388888888889 0.015953125000000002 0.018569444444444444
0 0.20457031250000002 0.09319444444444444 0.0091484375 0.011375
0 0.2258203125 0.09719444444444444 0.011015625 0.013833333333333335
0 0.2095546875 0.16977777777777778 0.0081640625 0.011777777777777778
0 0.25392187499999996 0.16061111111111112 0.00784375 0.012875
0 0.366109375 0.12272222222222222 0.013468749999999998 0.017652777777777778
0 0.404453125 0.11080555555555556 0.008906250000000001 0.018819444444444444
0 0.3882265625 0.08108333333333334 0.0108359375 0.02326388888888889
0 0.47222656250000006 0.18788888888888888 0.006953125 0.011875
0 0.4649296875 0.23005555555555554 0.0064218750000000005 0.012902777777777777
1 0.3686796875 0.46123611111111107 0.051859375 0.15252777777777776
1 0.5690859374999999 0.3877777777777778 0.16495312499999998 0.3716666666666667
1 0.1579609375 0.05565277777777778 0.055953125000000006 0.10813888888888888
1 0.2188984375 0.04743055555555555 0.051265625 0.0801388888888889
1 0.25175000000000003 0.13252777777777777 0.0215 0.04881944444444444
1 0.238921875 0.4135833333333333 0.0237265625 0.031180555555555555
1 0.3911796875 0.03961111111111111 0.0238984375 0.04855555555555556
1 0.40573437500000004 0.08838888888888889 0.013539062499999999 0.02322222222222222
1 0.1331484375 0.38552777777777775 0.013390625 0.04884722222222222
0 0.2392890625 0.43619444444444444 0.008921875 0.01648611111111111