1 0.08428125 0.6321805555555555 0.1588671875 0.409125
1 0.917609375 0.6794305555555555 0.1529609375 0.4339027777777778
0 0.07453125000000001 0.4032638888888889 0.033695312500000005 0.04679166666666666
0 0.1763671875 0.5250972222222222 0.0375703125 0.059708333333333335
0 0.8194453125000001 0.5662222222222222 0.0436484375 0.06194444444444445
1 0.8268515624999999 0.12495833333333334 0.158203125 0.24991666666666668
0 0.7417890625 0.14579166666666665 0.0573125 0.09551388888888888
1 0.6667109375 0.745875 0.067078125 0.25372222222222224
0 0.6301484375 0.6708055555555555 0.031132812500000002 0.042819444444444445
1 0.017078125 0.8735972222222222 0.03415625 0.0763611111111111
1 0.8862109374999999 0.33470833333333333 0.071546875 0.09720833333333333
0 0.114578125 0.005902777777777778 0.0423671875 0.011208333333333334
1 0.0236875 0.47304166666666664 0.047375 0.14379166666666668