1 0.8809921875000001 0.2499722222222222 0.23492968749999998 0.24420833333333336
1 0.364171875 0.21025 0.246125 0.22101388888888887
0 0.69384375 0.4113333333333334 0.054421874999999995 0.07723611111111112
0 0.18367968750000002 0.5075555555555555 0.0468359375 0.06413888888888888
0 0.974796875 0.4131111111111111 0.030640624999999998 0.03348611111111111
0 0.098890625 0.11761111111111112 0.016734375000000003 0.021833333333333333
1 0.255671875 0.4285833333333333 0.052523437500000006 0.13949999999999999
1 0.2258359375 0.4200138888888889 0.1193125 0.15981944444444443
0 0.2652265625 0.2815416666666667 0.031046875 0.06626388888888889
0 0.500328125 0.09723611111111112 0.052445312499999994 0.06351388888888888
0 0.060664062500000004 0.06359722222222222 0.012507812500000002 0.02343055555555556
0 0.49321093749999995 0.11068055555555555 0.027359375000000002 0.0355
1 0.53221875 0.15888888888888889 0.06381250000000001 0.07336111111111111