1 0.43197656249999994 0.5515694444444444 0.11283593750000001 0.28420833333333334
0 0.5644218750000001 0.3866805555555556 0.05384375 0.06720833333333333
1 0.7688046875000001 0.4947361111111111 0.4028515625 0.6392083333333334
0 0.9660234375 0.4793888888888889 0.0679453125 0.08930555555555555
0 0.3974609375 0.507 0.042226562499999995 0.05748611111111111
1 0.24009375 0.3195555555555556 0.03559375 0.08390277777777777
1 0.11764062500000001 0.2749583333333333 0.030125000000000002 0.07933333333333333
0 0.5400390625 0.06326388888888888 0.01934375 0.03130555555555555
1 0.930671875 0.6491388888888889 0.094984375 0.12579166666666666
0 0.2495078125 0.33744444444444444 0.0113984375 0.014944444444444444
0 0.088484375 0.3461111111111111 0.0105234375 0.02073611111111111
0 0.125640625 0.27372222222222226 0.0091328125 0.012736111111111111