1 0.8459687499999999 0.31145833333333334 0.3080703125 0.24822222222222223
0 0.3060625 0.2346666666666667 0.0497421875 0.05163888888888889
1 0.3925390625 0.15684722222222222 0.220796875 0.21716666666666667
0 0.5271015625000001 0.05656944444444444 0.05621875 0.059513888888888894
0 0.6665078125 0.4014861111111111 0.044859375 0.07118055555555555
1 0.2694140625 0.3702916666666667 0.1191484375 0.10494444444444445
0 0.9285781249999999 0.4423194444444445 0.041359375 0.035916666666666666
0 0.22709375 0.42624999999999996 0.03390625 0.04830555555555556
0 0.1541328125 0.028986111111111112 0.0165390625 0.034416666666666665
0 0.8965624999999999 0.7447083333333334 0.0431171875 0.034541666666666665
0 0.021359375 0.48163888888888884 0.01196875 0.015875
1 0.019046874999999998 0.4477083333333334 0.0380859375 0.06291666666666666
1 0.555953125 0.03733333333333333 0.0650234375 0.07465277777777778