0 0.649671875 0.5281805555555555 0.0331328125 0.04706944444444445
0 0.5057968749999999 0.2758333333333333 0.0158359375 0.034
1 0.676796875 0.22766666666666666 0.06411718749999999 0.25579166666666664
0 0.4417265625 0.3754027777777778 0.025124999999999998 0.025125
0 0.422671875 0.2732777777777778 0.012992187499999999 0.034916666666666665
0 0.39761718749999997 0.2530833333333333 0.0110078125 0.02901388888888889
0 0.24114062500000003 0.41402777777777783 0.03021875 0.047875
0 0.022140625 0.5431527777777778 0.043960937500000005 0.05458333333333333
0 0.0272890625 0.30059722222222224 0.013140625 0.013611111111111112
0 0.10453125 0.21934722222222222 0.0201015625 0.024263888888888887
1 0.450078125 0.2786111111111111 0.054093749999999996 0.15758333333333333
1 0.5064609375 0.22191666666666668 0.024578125 0.08209722222222222
1 0.25240625 0.2417638888888889 0.0985625 0.2886944444444445
1 0.11966406249999999 0.1615 0.0518359375 0.07884722222222222
1 0.040054687500000005 0.27075 0.031156250000000003 0.041833333333333333
1 0.043484375 0.4845277777777778 0.0671796875 0.05052777777777778
1 0.0891484375 0.4263194444444444 0.0366328125 0.03994444444444445
1 0.1664140625 0.32952777777777775 0.029671874999999997 0.03725