0 0.2276171875 0.32513888888888887 0.02553125 0.04501388888888888
0 0.0227265625 0.38081944444444443 0.0321328125 0.04615277777777777
0 0.650921875 0.3700138888888889 0.028796875 0.03955555555555556
0 0.1024140625 0.18763888888888888 0.0191875 0.02940277777777778
0 0.3939609375 0.22356944444444443 0.011546875 0.023708333333333335
0 0.500171875 0.23643055555555553 0.0166171875 0.02634722222222222
0 0.4217734375 0.23477777777777778 0.01175 0.029069444444444443
0 0.438640625 0.29693055555555553 0.0228828125 0.035388888888888886
1 0.2371640625 0.19179166666666667 0.06889843749999999 0.21719444444444444
0 0.0245625 0.2506388888888889 0.02809375 0.04868055555555555
1 0.44690624999999995 0.25891666666666663 0.025210937500000002 0.042375
0 0.6871640625000001 0.26108333333333333 0.018140625 0.016944444444444443
1 0.6566875 0.12704166666666666 0.10193749999999999 0.2533888888888889
1 0.13546875 0.09977777777777778 0.07415625 0.14256944444444444