1 0.927921875 0.6565 0.1345703125 0.3257638888888889
0 0.5203984375 0.9287500000000001 0.05509375 0.13502777777777777
0 0.9720703125 0.86025 0.0462265625 0.08479166666666667
0 0.4303828125 0.16055555555555553 0.03325 0.07708333333333334
0 0.187015625 0.03148611111111111 0.0285546875 0.06245833333333333
1 0.8720078125 0.20505555555555555 0.2559921875 0.18924999999999997
0 0.268046875 0.1466111111111111 0.025890625 0.060000000000000005
1 0.5003515625 0.6418611111111111 0.1843828125 0.6949583333333333
1 0.4003671875 0.06243055555555556 0.07790625 0.12486111111111112
1 0.26072656250000004 0.06680555555555556 0.0367421875 0.13291666666666668
1 0.8956250000000001 0.3951388888888889 0.142296875 0.1279722222222222
0 0.5201171875 0.9784444444444444 0.044914062500000004 0.04311111111111111