1 0.84659375 0.7709166666666666 0.30681250000000004 0.45818055555555554
0 0.48565625 0.7766805555555556 0.064234375 0.10772222222222222
0 0.6693984375 0.6567083333333333 0.052437500000000005 0.08351388888888889
1 0.522234375 0.8343888888888888 0.14521875 0.3312222222222222
1 0.30374218750000004 0.52975 0.041890625 0.1411388888888889
0 0.647015625 0.12630555555555556 0.029406250000000002 0.04040277777777778
0 0.12575 0.506 0.021546875 0.04572222222222223
1 0.16253125 0.44854166666666667 0.034265625 0.07866666666666666
0 0.6405937500000001 0.21802777777777776 0.029359375 0.057
0 0.33235156250000003 0.010416666666666666 0.0169453125 0.020833333333333332
0 0.2748671875 0.01363888888888889 0.012757812499999998 0.021347222222222222
0 0.308328125 0.5190833333333333 0.01225 0.02779166666666667
0 0.171140625 0.4323194444444444 0.0112421875 0.03813888888888889