0 0.023984375 0.8965138888888889 0.0479609375 0.1396388888888889
0 0.108578125 0.15462499999999998 0.0446171875 0.08144444444444444
1 0.1746015625 0.22968055555555555 0.2615546875 0.44869444444444445
0 0.2962265625 0.43062500000000004 0.0420859375 0.07318055555555555
0 0.921234375 0.5232777777777777 0.048453125 0.07406944444444444
0 0.5901640625 0.21283333333333335 0.040375 0.07780555555555556
1 0.5494765625 0.09611111111111112 0.0748671875 0.1758333333333333
1 0.4768203125 0.04538888888888889 0.042460937500000004 0.058527777777777776
1 0.41285156250000005 0.034819444444444445 0.0317265625 0.04147222222222222
1 0.8784218750000001 0.40576388888888887 0.0986328125 0.16416666666666668
1 0.0166015625 0.7794722222222222 0.033203125 0.06605555555555556
1 0.008304687500000001 0.37325 0.0166015625 0.083375