1 0.104609375 0.6810833333333334 0.0881796875 0.14595833333333333
1 0.46731249999999996 0.09030555555555556 0.224359375 0.180625
0 0.2869609375 0.5641944444444444 0.039765625 0.06144444444444445
0 0.28024218749999996 0.4087083333333333 0.0390234375 0.04658333333333333
0 0.5784140625 0.12779166666666666 0.0326875 0.03848611111111111
0 0.4572421875 0.11218055555555555 0.020765625 0.03318055555555555
0 0.5625546875 0.08130555555555555 0.019109375 0.021833333333333333
0 0.4475703125 0.10038888888888889 0.039578125 0.057583333333333334
1 0.1501640625 0.44998611111111114 0.0677109375 0.142625
1 0.2293515625 0.5701111111111111 0.0592265625 0.13566666666666669
1 0.15201562500000002 0.5818611111111112 0.0430078125 0.080125
1 0.1759453125 0.6807916666666667 0.020835937500000002 0.035986111111111115