1 0.55725 0.20311111111111113 0.1541015625 0.15822222222222224
0 0.3393828125 0.16233333333333333 0.024453125 0.04402777777777778
0 0.399296875 0.10090277777777779 0.0238984375 0.036208333333333335
0 0.075609375 0.06822222222222221 0.0228046875 0.042958333333333334
0 0.65465625 0.06351388888888888 0.026359375 0.05509722222222223
0 0.6053359375 0.3275 0.030765625 0.04755555555555556
0 0.408328125 0.2593611111111111 0.0483984375 0.09075000000000001
1 0.50053125 0.018083333333333333 0.058578125 0.036166666666666666
0 0.2546640625 0.06340277777777778 0.0212265625 0.03213888888888889
1 0.1515859375 0.041999999999999996 0.02759375 0.05654166666666667
0 0.16399999999999998 0.07665277777777778 0.013921875 0.031125
1 0.3147578125 0.07081944444444445 0.187234375 0.141625
0 0.5305156249999999 0.05205555555555555 0.015742187499999998 0.021958333333333333
0 0.5751328124999999 0.27215277777777774 0.0239140625 0.034861111111111114
1 0.22665625 0.017875 0.040507812500000004 0.03575
1 0.3872265625 0.20208333333333334 0.05159375000000001 0.08512499999999999