1 0.1644765625 0.19927777777777778 0.16957031250000001 0.21841666666666665
1 0.594578125 0.1432361111111111 0.2596171875 0.273625
0 0.45978906249999996 0.3037361111111111 0.0445546875 0.06733333333333333
0 0.30246093749999997 0.17766666666666667 0.034664062499999995 0.04454166666666667
0 0.6713125 0.42609722222222224 0.02425 0.03148611111111111
0 0.028296875 0.4600277777777778 0.0565859375 0.08118055555555556
0 0.095015625 0.3295138888888889 0.038406249999999996 0.045125000000000005
0 0.651078125 0.2592361111111111 0.0231484375 0.030569444444444448
1 0.0213359375 0.3388333333333333 0.032921875 0.04756944444444444
1 0.055898437499999995 0.3888333333333333 0.106453125 0.09822222222222222
1 0.34666406250000004 0.11416666666666667 0.062453125 0.0915138888888889