0 0.6226875 0.586013888888889 0.052734375 0.06805555555555555
1 0.46428906249999996 0.7929305555555555 0.098046875 0.3677638888888889
1 0.8010703124999999 0.7373333333333333 0.37884375000000003 0.510638888888889
1 0.7443359375 0.4271111111111111 0.081734375 0.14794444444444443
1 0.2948203125 0.44145833333333334 0.046617187500000004 0.1336388888888889
0 0.6203593749999999 0.1822777777777778 0.022734375 0.03680555555555556
1 0.1662421875 0.37062500000000004 0.030367187499999997 0.08426388888888889
0 0.1329765625 0.4266944444444445 0.01471875 0.0445
0 0.44204687500000006 0.7047777777777777 0.0430625 0.08148611111111112
0 0.2986484375 0.4551666666666667 0.0165625 0.030722222222222224
0 0.635765625 0.08675000000000001 0.0227421875 0.03945833333333333
0 0.17670312500000002 0.3618194444444444 0.012265624999999999 0.033819444444444444