1 0.4536015625 0.6122916666666667 0.115328125 0.3130277777777778
1 0.7422890625 0.5175416666666667 0.29893749999999997 0.5840694444444444
1 0.9507187500000001 0.7610694444444445 0.0985703125 0.18834722222222225
0 0.582078125 0.41027777777777774 0.0318671875 0.06826388888888889
0 0.9894296875 0.5400694444444445 0.019765625000000002 0.06720833333333333
0 0.42308593749999995 0.5222638888888889 0.0372890625 0.05620833333333333
1 0.2731484375 0.32204166666666667 0.0323125 0.08234722222222222
1 0.144890625 0.2565 0.0355078125 0.07118055555555555
0 0.159453125 0.26325 0.012 0.018944444444444444
0 0.573296875 0.06979166666666667 0.013453125 0.029083333333333336
0 0.1198203125 0.3319861111111111 0.0100546875 0.02047222222222222
0 0.2797578125 0.3366388888888889 0.009421875 0.017388888888888888