1 0.5658359374999999 0.48754166666666665 0.3488203125 0.47604166666666664
0 0.7741718750000001 0.7836527777777778 0.050398437500000004 0.08241666666666667
0 0.3507734375 0.7116666666666667 0.0908671875 0.14159722222222224
0 0.1210390625 0.4335555555555556 0.0360859375 0.07265277777777777
0 0.5670703125000001 0.10375000000000001 0.0271171875 0.03279166666666666
0 0.24835156249999998 0.6147361111111111 0.0231796875 0.034680555555555555
0 0.65803125 0.6286944444444444 0.022484375 0.043541666666666666
0 0.18953906250000002 0.21008333333333332 0.032382812500000004 0.03815277777777778
0 0.3462265625 0.034722222222222224 0.047125 0.06944444444444445
1 0.0625 0.22216666666666668 0.125 0.38899999999999996
1 0.1609609375 0.1639861111111111 0.053078125 0.06554166666666666
0 0.294328125 0.6347361111111111 0.0313125 0.082375
1 0.2654921875 0.5768333333333333 0.0445390625 0.05468055555555555
1 0.21218750000000003 0.5802638888888889 0.023546875000000002 0.03391666666666667
1 0.1934765625 0.5419166666666667 0.042726562499999995 0.05141666666666667
1 0.1453671875 0.5618333333333333 0.0251171875 0.04298611111111111