0 0.06997656249999999 0.03404166666666667 0.032578125 0.06729166666666667
0 0.8696015625 0.4909305555555556 0.025960937499999996 0.04061111111111111
0 0.61834375 0.4575277777777778 0.06903125 0.06955555555555555
1 0.79240625 0.2452361111111111 0.08728125 0.167125
0 0.482609375 0.1988472222222222 0.0536640625 0.08381944444444445
0 0.4644296875 0.21830555555555556 0.018187500000000002 0.034138888888888885
0 0.4739453125 0.2185277777777778 0.038343749999999996 0.041666666666666664
1 0.7547890625 0.46043055555555557 0.0294375 0.08238888888888889
0 0.528640625 0.16002777777777777 0.0833359375 0.16605555555555557
1 0.8302968749999999 0.4493333333333333 0.029515625 0.11523611111111111
0 0.68378125 0.4649722222222222 0.051703125 0.1487638888888889