1 0.25407812500000004 0.61675 0.050375 0.16554166666666667
1 0.81796875 0.8646944444444445 0.26857031249999996 0.27061111111111114
0 0.6650546875 0.8076805555555555 0.061617187500000004 0.08705555555555555
0 0.43553125000000004 0.931888888888889 0.050460937500000004 0.09988888888888889
0 0.6557031249999999 0.2608888888888889 0.0150078125 0.02765277777777778
1 0.097796875 0.5014444444444445 0.0681640625 0.16340277777777779
0 0.1297109375 0.4500138888888889 0.0194296875 0.028305555555555553
0 0.0783671875 0.5387361111111111 0.0146328125 0.03913888888888889
0 0.6774609375 0.13975 0.0282890625 0.04698611111111111
0 0.27430468750000003 0.5641388888888889 0.0123359375 0.02411111111111111
1 0.4535234375 0.9636527777777778 0.10702343750000001 0.07269444444444445