0 0.23498437499999997 0.3015416666666667 0.0382890625 0.05816666666666667
0 0.735765625 0.2645277777777778 0.034765625 0.058930555555555555
0 0.0223203125 0.5941388888888889 0.0446484375 0.11759722222222223
1 0.50790625 0.7786111111111111 0.082140625 0.1316388888888889
1 0.701375 0.194 0.0692265625 0.08293055555555556
0 0.022640625 0.154875 0.0411015625 0.08441666666666667
1 0.44498437500000004 0.08795833333333333 0.065953125 0.09520833333333333
1 0.19890625 0.22508333333333333 0.0811796875 0.12291666666666666
1 0.4042734375 0.01584722222222222 0.0952265625 0.03170833333333333
1 0.0827109375 0.09208333333333332 0.1654140625 0.17994444444444443
1 0.1681015625 0.9497500000000001 0.08267187499999999 0.1005
0 0.48115625 0.15951388888888887 0.0109375 0.01584722222222222
1 0.8091640625000001 0.9670555555555556 0.160609375 0.06588888888888889
1 0.014335937500000001 0.4847777777777778 0.028609375 0.09640277777777777
1 0.013265625 0.11477777777777778 0.02653125 0.10387500000000001
1 0.013515625 0.37813888888888886 0.026187500000000002 0.32769444444444445
0 0.4831171875 0.12711111111111112 0.0155546875 0.015819444444444445