1 0.6783046875000001 0.056124999999999994 0.0585390625 0.10991666666666666
0 0.0673359375 0.9401388888888889 0.030093750000000002 0.04984722222222222
1 0.3848359375 0.07218055555555555 0.026375 0.11852777777777779
0 0.651875 0.04731944444444444 0.016875 0.034625
0 0.3252421875 0.03870833333333334 0.015140625 0.02715277777777778
0 0.576671875 0.07897222222222222 0.009710937499999999 0.020652777777777777
0 0.7330078125 0.7588611111111111 0.026273437500000003 0.041944444444444444
1 0.13665624999999998 0.9004027777777778 0.1711171875 0.18862500000000001
0 0.7638515625 0.5460833333333334 0.0209375 0.024222222222222225
1 0.10103906250000001 0.9049166666666666 0.0670546875 0.1835138888888889
1 0.585734375 0.06856944444444445 0.0212890625 0.03666666666666667
0 0.768265625 0.5583472222222222 0.0325 0.05486111111111111
0 0.1236796875 0.8487777777777777 0.0183671875 0.034694444444444444
0 0.38742187499999997 0.06855555555555555 0.0124140625 0.027430555555555555