1 0.45005468750000005 0.38093055555555555 0.117359375 0.2398611111111111
1 0.12500781249999998 0.18522222222222223 0.037625 0.10758333333333332
0 0.922078125 0.30077777777777776 0.050671875 0.06452777777777778
0 0.5697734375 0.2594444444444445 0.0426171875 0.05579166666666667
0 0.432546875 0.36904166666666666 0.0436171875 0.07527777777777778
1 0.6561874999999999 0.2795694444444444 0.20426562499999998 0.4391944444444445
1 0.25939843749999997 0.22319444444444442 0.042648437500000004 0.12122222222222222
0 0.10034375 0.2522083333333333 0.018671874999999998 0.03884722222222222
1 0.9760234375 0.3037222222222222 0.047953125 0.17929166666666668
1 0.8852109374999999 0.4320833333333334 0.1113984375 0.16212500000000002
0 0.265484375 0.22941666666666669 0.0097578125 0.017333333333333333
0 0.9195781249999999 0.9869305555555556 0.036148437500000005 0.026125
0 0.1272109375 0.1703888888888889 0.022421875 0.028916666666666667