1 0.77171875 0.35106944444444443 0.4257734375 0.6703333333333333
1 0.42853906249999996 0.4310972222222222 0.0879609375 0.2014166666666667
0 0.558765625 0.32143055555555555 0.031703125 0.050791666666666666
0 0.3969609375 0.42800000000000005 0.0297890625 0.05672222222222223
0 0.9522812500000001 0.3895972222222222 0.06526562500000001 0.07713888888888888
0 0.25872656250000003 0.2803888888888889 0.007828125 0.017236111111111112
1 0.12053125 0.20445833333333335 0.0321953125 0.06313888888888888
1 0.25165625 0.2653888888888889 0.024390625 0.07991666666666666
0 0.097234375 0.28355555555555556 0.009015625 0.017055555555555553
0 0.5373984375 0.012680555555555556 0.012562499999999999 0.022
0 0.13275781250000002 0.21784722222222222 0.008390625 0.01611111111111111