1 0.7723046874999999 0.7570694444444445 0.3213359375 0.4858611111111111
1 0.4643359375 0.8222083333333333 0.0963203125 0.3555833333333333
0 0.618609375 0.6260555555555556 0.0446484375 0.07108333333333333
1 0.29275 0.48093055555555553 0.0428984375 0.132625
0 0.1302265625 0.4457361111111111 0.0157109375 0.035083333333333334
0 0.6218125 0.20083333333333334 0.0191796875 0.03166666666666667
0 0.44059375 0.7168055555555556 0.0338828125 0.036069444444444446
0 0.63515625 0.09952777777777777 0.0188359375 0.034319444444444444
1 0.1605234375 0.37386111111111114 0.027703125000000002 0.08705555555555555
0 0.1739609375 0.3773055555555556 0.0126796875 0.025361111111111112
0 0.2973984375 0.46445833333333336 0.011234375000000001 0.018486111111111113