1 0.5239921875 0.4419027777777778 0.20595312500000001 0.30697222222222226
0 0.36171875 0.5262222222222223 0.0599921875 0.1185
0 0.28303124999999996 0.35904166666666665 0.032492187500000005 0.06213888888888889
0 0.3536171875 0.24693055555555554 0.031421875 0.05252777777777778
0 0.5998828125 0.6610277777777778 0.041335937499999996 0.06102777777777778
0 0.1936171875 0.18041666666666667 0.024484375 0.04719444444444444
0 0.0950546875 0.20908333333333332 0.019523437499999997 0.04104166666666667
0 0.6306015625 0.21806944444444443 0.0328984375 0.07145833333333333
0 0.49564062499999995 0.1613888888888889 0.023796875000000002 0.027888888888888887
0 0.0056015625 0.21288888888888888 0.0101796875 0.02466666666666667
1 0.0755859375 0.16759722222222223 0.025742187500000003 0.04863888888888889
1 0.244921875 0.179625 0.1947265625 0.2775416666666667
0 0.6365937500000001 0.23145833333333335 0.0241171875 0.037
1 0.45446093750000005 0.09072222222222222 0.088484375 0.1333888888888889
1 0.3265859375 0.45545833333333335 0.057765625 0.08909722222222223
0 0.55525 0.5444861111111111 0.027515625 0.05455555555555556
0 0.6154921875 0.5565277777777777 0.0320390625 0.062875