0 0.5521953125 0.22630555555555557 0.04140625 0.06391666666666668
1 0.725171875 0.22212500000000002 0.343453125 0.4442638888888889
0 0.9247890625 0.2738333333333333 0.0633515625 0.061138888888888895
0 0.9244140625 0.9622777777777778 0.1078359375 0.07545833333333334
1 0.439265625 0.31304166666666666 0.107453125 0.228
0 0.3981796875 0.33072222222222225 0.031453125 0.04869444444444445
0 0.1436640625 0.15675 0.009 0.017416666666666667
1 0.1303046875 0.14766666666666667 0.023515625000000002 0.05733333333333333
0 0.2609765625 0.21569444444444447 0.008046875 0.01676388888888889
1 0.2553125 0.18794444444444444 0.0268515625 0.051013888888888886
1 0.79059375 0.5292916666666666 0.0855546875 0.10908333333333334
0 0.104515625 0.21831944444444445 0.007515625 0.014527777777777778
1 0.8841484375 0.44584722222222223 0.0755703125 0.0915138888888889