1 0.45811718749999997 0.3349722222222222 0.11015625 0.32711111111111113
0 0.3791640625 0.28800000000000003 0.025015625000000003 0.05344444444444444
1 0.3966953125 0.04805555555555556 0.05500000000000001 0.09158333333333334
1 0.9631015625 0.9388472222222223 0.073796875 0.12230555555555556
1 0.2654609375 0.42861111111111116 0.1936484375 0.3337916666666667
0 0.5021093750000001 0.2971111111111111 0.014218749999999999 0.027930555555555556
0 0.344515625 0.7850694444444445 0.021726562499999998 0.043402777777777776
0 0.4233828125 0.980013888888889 0.026078125 0.037625
0 0.9149687500000001 0.8549861111111111 0.042859375 0.05866666666666667
0 0.4219453125 0.04801388888888889 0.0088828125 0.018416666666666668
0 0.461796875 0.22743055555555555 0.014070312500000001 0.02672222222222222
1 0.3406328125 0.19481944444444446 0.05780468749999999 0.057263888888888885
1 0.3262421875 0.8211805555555556 0.030367187499999997 0.07976388888888888