0 0.3806953125 0.044694444444444446 0.025539062499999998 0.043041666666666666
0 0.1440859375 0.5205277777777777 0.0381953125 0.05355555555555556
0 0.22215625 0.7044444444444444 0.04234375 0.06479166666666666
0 0.23540624999999998 0.05577777777777777 0.0322578125 0.05505555555555556
0 0.8896953125 0.4405694444444444 0.0725859375 0.09606944444444444
1 0.31248437500000004 0.06719444444444445 0.13153125000000002 0.13440277777777776
1 0.0699921875 0.9446388888888889 0.139984375 0.11070833333333333
1 0.06489843749999999 0.7429166666666667 0.0598515625 0.11023611111111112
1 0.95565625 0.38766666666666666 0.0886953125 0.2839305555555556
1 0.09376562499999999 0.5503055555555556 0.06987499999999999 0.09887499999999999
1 0.216453125 0.11158333333333334 0.1344765625 0.22316666666666668
1 0.1502578125 0.7805000000000001 0.0985546875 0.17693055555555556