0 0.03415625 0.7990972222222222 0.0683046875 0.15266666666666667
1 0.16896875 0.18843055555555555 0.27044531250000003 0.37261111111111106
0 0.5755078124999999 0.17413888888888887 0.047640625 0.08851388888888888
0 0.90821875 0.45965277777777774 0.0468046875 0.07122222222222223
0 0.30257812500000003 0.376125 0.0389921875 0.08019444444444444
1 0.5260546875000001 0.06559722222222222 0.09719531249999999 0.13119444444444445
0 0.1143125 0.12881944444444443 0.029945312499999998 0.07223611111111111
1 0.8707421875 0.3524305555555556 0.0885859375 0.13543055555555555
1 0.015140625 0.36318055555555556 0.0302734375 0.10483333333333333
1 0.0131875 0.7250138888888888 0.0263671875 0.3180972222222222
1 0.4384765625 0.03623611111111111 0.031257812499999996 0.03863888888888889