1 0.44974218749999995 0.22425 0.08367187499999999 0.20594444444444446
1 0.825375 0.5953472222222221 0.075140625 0.1910416666666667
1 0.3403359375 0.22679166666666667 0.0840546875 0.21112499999999998
1 0.40141406249999995 0.7815 0.0681875 0.22734722222222223
0 0.371 0.2348611111111111 0.0185234375 0.03204166666666667
1 0.38296874999999997 0.03576388888888889 0.035726562499999996 0.07152777777777777
0 0.79078125 0.864013888888889 0.024203125 0.04240277777777778
0 0.3607578125 0.5790972222222222 0.0161484375 0.03352777777777778
0 0.46790624999999997 0.22470833333333332 0.0165078125 0.028402777777777777
0 0.7805234375000001 0.5559166666666666 0.029078125 0.044722222222222226
0 0.43189062500000003 0.6980555555555555 0.018296875 0.028055555555555556
0 0.6764375 0.8860277777777779 0.01540625 0.022555555555555554
1 0.8128515625 0.9126944444444445 0.05591406249999999 0.15981944444444443
0 0.395640625 0.042291666666666665 0.0084140625 0.01633333333333333
0 0.440546875 0.17780555555555558 0.009625 0.017444444444444446
1 0.6845859375 0.9205277777777777 0.021851562499999998 0.068