1 0.831046875 0.8034305555555556 0.33790624999999996 0.38055555555555554
0 0.6593515625 0.7461944444444444 0.066265625 0.08895833333333333
0 0.6757500000000001 0.0953611111111111 0.0291328125 0.036291666666666667
0 0.435640625 0.8546666666666667 0.04146875 0.07136111111111111
1 0.46803906250000005 0.8975277777777778 0.131125 0.20494444444444446
0 0.2768984375 0.5176666666666667 0.0120546875 0.022194444444444444
0 0.13863281249999998 0.4068333333333334 0.011796875 0.033902777777777775
0 0.08365625 0.4893472222222222 0.0235390625 0.035208333333333335
1 0.11178125000000001 0.4378611111111111 0.0420625 0.1376388888888889
1 0.2582265625 0.5474583333333334 0.0482734375 0.10745833333333334
0 0.65771875 0.2179861111111111 0.027492187499999998 0.05898611111111111