0 0.5609453125 0.20066666666666666 0.050203125 0.06427777777777778
1 0.45755468749999995 0.3574305555555556 0.12625 0.20870833333333336
1 0.71065625 0.2949583333333333 0.3343828125 0.5899166666666666
0 0.42418750000000005 0.3322222222222222 0.0451328125 0.07479166666666667
0 0.910953125 0.9393333333333334 0.0859921875 0.12133333333333333
0 0.9041874999999999 0.2221111111111111 0.051664062499999996 0.07733333333333334
1 0.24739062500000003 0.16902777777777778 0.0342734375 0.09430555555555556
1 0.10740625 0.14620833333333333 0.0482109375 0.09184722222222222
0 0.0871796875 0.21619444444444444 0.0235625 0.04445833333333333
0 0.115328125 0.13670833333333335 0.0167421875 0.0275
0 0.2508359375 0.18493055555555557 0.013953125 0.02365277777777778
1 0.96484375 0.23922222222222222 0.0703125 0.18215277777777777