0 0.6123671875000001 0.37256944444444445 0.0382890625 0.05580555555555555
0 0.48851562499999995 0.24195833333333333 0.0203671875 0.02997222222222222
0 0.4158046875 0.2955277777777778 0.0225625 0.03856944444444444
0 0.40705468749999996 0.2369861111111111 0.01140625 0.03990277777777778
0 0.38489062500000004 0.22659722222222223 0.011476562499999999 0.028291666666666666
0 0.20410937499999998 0.33266666666666667 0.026671875 0.04298611111111111
0 0.0919453125 0.19569444444444445 0.016640625 0.029916666666666664
0 0.006765625 0.2578472222222222 0.012515624999999999 0.025972222222222223
0 0.6717109375 0.2543472222222222 0.0237578125 0.03295833333333333
1 0.21638281250000002 0.2569166666666666 0.07859374999999999 0.10190277777777779
1 0.43055468750000003 0.18570833333333334 0.0355859375 0.11469444444444445