1 0.85025 0.7962222222222222 0.284890625 0.4002777777777778
1 0.5141796875 0.8668055555555556 0.119125 0.26640277777777777
0 0.6850078125 0.7379444444444445 0.062296874999999995 0.10248611111111113
1 0.15325 0.5144583333333334 0.041046875 0.11306944444444444
0 0.12164062499999999 0.5651388888888889 0.020585937500000002 0.04566666666666667
0 0.6499921875 0.17808333333333334 0.0193515625 0.029305555555555557
1 0.3034296875 0.576375 0.0387734375 0.1312361111111111
0 0.48959374999999994 0.8796527777777778 0.0637578125 0.12241666666666667
0 0.643484375 0.2755 0.0180234375 0.03154166666666667
0 0.334578125 0.049902777777777775 0.0123125 0.020513888888888887
1 0.330984375 0.02259722222222222 0.026046875000000004 0.04519444444444444
0 0.48464843750000003 0.008125 0.0131796875 0.015930555555555555
0 0.1713359375 0.48531944444444447 0.0191171875 0.03893055555555556
0 0.2777265625 0.052180555555555556 0.0110234375 0.017374999999999998
0 0.3079140625 0.5789583333333334 0.010906250000000001 0.023916666666666666