1 0.8456171875 0.7486666666666666 0.30876562500000004 0.5024583333333333
1 0.5371484375 0.8108888888888889 0.16590625 0.3782361111111111
1 0.305171875 0.4806388888888889 0.0418984375 0.15336111111111111
0 0.6715078125 0.5993333333333333 0.058796875000000005 0.06863888888888889
0 0.12349218749999999 0.47148611111111116 0.0221171875 0.04361111111111111
0 0.48054687500000004 0.7173611111111111 0.05689062499999999 0.0685
0 0.6412578124999999 0.09579166666666666 0.0235625 0.035152777777777776
0 0.6321015625 0.18265277777777778 0.0221953125 0.04052777777777778
1 0.15575 0.4182361111111111 0.034023437499999996 0.07441666666666666
0 0.3073359375 0.4839722222222222 0.0105703125 0.021486111111111112
0 0.1716875 0.3958055555555556 0.01640625 0.036597222222222225