1 0.6075 0.8259583333333335 0.183359375 0.3480972222222222
0 0.5394921874999999 0.6896111111111111 0.05971875 0.0796111111111111
1 0.7051953125 0.3742777777777778 0.10196093749999999 0.15248611111111113
0 0.6855078125 0.7461388888888889 0.024773437500000002 0.04713888888888888
0 0.6862109375000001 0.9291527777777778 0.0390859375 0.071375
1 0.03871875 0.07508333333333334 0.0774296875 0.14600000000000002
0 0.12366406249999999 0.15954166666666666 0.026445312500000002 0.03051388888888889
1 0.353265625 0.7253194444444445 0.3852578125 0.4436944444444444
0 0.052437500000000005 0.1532638888888889 0.02403125 0.019875
1 0.0590859375 0.90625 0.1181640625 0.1875
0 0.743171875 0.41054166666666664 0.0175625 0.019208333333333334