1 0.053054687499999996 0.10118055555555555 0.10610937499999999 0.20227777777777775
0 0.4989921875 0.11479166666666668 0.0198359375 0.04958333333333334
0 0.660765625 0.0748888888888889 0.058484375 0.08349999999999999
0 0.5949140625 0.014624999999999999 0.0347265625 0.029236111111111112
0 0.13178125000000002 0.1989861111111111 0.030359375 0.035916666666666666
0 0.22978125 0.034305555555555554 0.0228671875 0.021666666666666667
0 0.19957031249999999 0.028652777777777777 0.0149140625 0.022569444444444444
0 0.10579687499999998 0.06470833333333334 0.0247265625 0.03726388888888889
0 0.05 0.2092222222222222 0.0328125 0.02601388888888889
1 0.5095703125 0.04819444444444445 0.040625 0.09456944444444446
1 0.70415625 0.04080555555555555 0.1075234375 0.08159722222222222