1 0.2788125 0.14073611111111112 0.0714453125 0.20052777777777778
1 0.3821640625 0.11852777777777779 0.07027343750000001 0.19175
0 0.7397578125 0.6468055555555555 0.0233359375 0.034902777777777776
0 0.7223203125000001 0.3770972222222222 0.026039062499999998 0.04427777777777778
1 0.37580468749999996 0.6227916666666667 0.047484375 0.14106944444444444
0 0.30603125000000003 0.1376527777777778 0.01728125 0.042694444444444445
0 0.32303906250000003 0.47697222222222224 0.0153984375 0.026375
0 0.39375 0.569375 0.017359375 0.025097222222222222
0 0.64175 0.6876805555555555 0.01278125 0.024861111111111108
1 0.75471875 0.4013333333333333 0.055203125 0.18069444444444444
1 0.7702265625 0.6836111111111111 0.052476562500000004 0.15056944444444445
1 0.6534296875 0.7181249999999999 0.02840625 0.05795833333333333
0 0.409375 0.11695833333333333 0.0109296875 0.016069444444444445
0 0.3775 0.08006944444444444 0.011960937500000001 0.020097222222222225