1 0.1654140625 0.2987916666666667 0.2051875 0.17244444444444443
1 0.04146875 0.4811944444444444 0.081578125 0.11956944444444445
1 0.586921875 0.2091111111111111 0.2004609375 0.2921666666666667
0 0.7027734375 0.35831944444444447 0.028273437499999998 0.036625000000000005
0 0.317046875 0.2507361111111111 0.0317734375 0.05484722222222223
0 0.7298515625 0.5712916666666666 0.026140625 0.03180555555555555
0 0.48884375 0.41055555555555556 0.0379609375 0.06695833333333333
1 0.726828125 0.15583333333333332 0.04971875 0.08951388888888889
0 0.0810546875 0.41329166666666667 0.034835937500000004 0.042888888888888886
0 0.00565625 0.569875 0.0113046875 0.07925
1 0.83078125 0.05198611111111111 0.0590078125 0.07186111111111111