1 0.4624140625 0.34223611111111113 0.0986796875 0.3183333333333333
1 0.9513828125 0.9275694444444444 0.097234375 0.13845833333333332
0 0.8994140625 0.8400972222222223 0.0398125 0.05334722222222222
0 0.37990625 0.29747222222222225 0.026828125 0.056013888888888884
1 0.39782812500000003 0.058375 0.0517109375 0.07665277777777778
0 0.42602343749999994 0.9637361111111111 0.026453125 0.03754166666666667
0 0.5038984375 0.2960277777777778 0.0128125 0.029041666666666667
1 0.2923359375 0.3502361111111111 0.1676484375 0.3463611111111111
0 0.46350781249999995 0.23477777777777778 0.0131640625 0.02672222222222222
0 0.34878125 0.7743055555555556 0.019039062500000002 0.039875
0 0.42368750000000005 0.05738888888888889 0.0088203125 0.019208333333333334
1 0.32190625 0.8279444444444445 0.0460234375 0.09897222222222223