0 0.2605625 0.15965277777777778 0.019859375000000002 0.06793055555555555
0 0.9373437499999999 0.7346527777777778 0.043726562499999996 0.0642361111111111
0 0.5110781249999999 0.8532083333333332 0.055859375 0.13359722222222223
1 0.45181250000000006 0.4805972222222222 0.16668750000000002 0.5573333333333333
1 0.1530078125 0.561625 0.0820078125 0.114
1 0.15415625 0.7330555555555555 0.0823046875 0.1235138888888889
1 0.1351484375 0.952861111111111 0.14115625 0.09427777777777777
1 0.018226562499999998 0.8385833333333333 0.0364609375 0.19320833333333334
1 0.402921875 0.07059722222222221 0.061343749999999996 0.14120833333333332
1 0.2547421875 0.07508333333333334 0.032171875 0.09056944444444444
1 0.8681171875 0.40334722222222225 0.248140625 0.5451527777777778
0 0.40979687499999995 0.15704166666666666 0.037171875 0.09795833333333334
0 0.17940625 0.05372222222222222 0.0318125 0.08701388888888889