1 0.7470390625000001 0.31805555555555554 0.4269453125 0.5485833333333333
0 0.9183671875 0.3080555555555556 0.0536875 0.06675
1 0.4094921875 0.35980555555555555 0.0745703125 0.15
0 0.5489453125 0.26530555555555557 0.0445625 0.05820833333333333
0 0.387921875 0.3715833333333334 0.035140624999999995 0.049124999999999995
0 0.24363281250000002 0.24279166666666668 0.007585937500000001 0.014902777777777779
1 0.1081484375 0.17705555555555555 0.028945312499999997 0.07245833333333333
0 0.9586484375 0.32990277777777777 0.0175625 0.02684722222222222
0 0.12221875 0.18415277777777778 0.0088828125 0.016694444444444442
1 0.23475000000000001 0.21773611111111113 0.0321328125 0.06283333333333334
1 0.7377109374999999 0.04772222222222222 0.11863281249999999 0.08876388888888888
0 0.0840859375 0.24931944444444443 0.0081953125 0.013805555555555555
1 0.974 0.2791527777777778 0.052000000000000005 0.16581944444444444