0 0.5591015625 0.050013888888888886 0.045671875 0.10002777777777777
1 0.46865625 0.10097222222222223 0.038070312499999995 0.09647222222222221
0 0.6111484375 0.12466666666666668 0.039578125 0.08909722222222223
0 0.064125 0.1453888888888889 0.0370390625 0.0475
0 0.4605234375 0.17031944444444444 0.02253125 0.042222222222222223
0 0.09782031249999999 0.26106944444444447 0.028968749999999998 0.043652777777777776
0 0.19409375 0.11477777777777778 0.025875 0.03895833333333333
0 0.1642265625 0.11381944444444445 0.012703125000000001 0.01311111111111111
0 0.013671875 0.28144444444444444 0.02734375 0.029708333333333333
0 0.12130468750000001 0.09845833333333333 0.0099921875 0.020694444444444446
1 0.0436171875 0.1895 0.0872421875 0.15341666666666665
1 0.10406249999999999 0.05555555555555555 0.185109375 0.1111111111111111
1 0.65865625 0.06165277777777778 0.10377343750000001 0.10352777777777779