0 0.22815625 0.042611111111111113 0.0104921875 0.01620833333333333
0 0.4497265625 0.0068472222222222216 0.0136875 0.013680555555555555
0 0.46449999999999997 0.029027777777777777 0.0072968749999999995 0.018541666666666665
0 0.3061875 0.08101388888888889 0.0083984375 0.016527777777777777
0 0.8864921875 0.4139305555555555 0.057125 0.058486111111111114
0 0.5404296875 0.38566666666666666 0.027476562500000003 0.04025
0 0.39728125 0.47506944444444443 0.0325234375 0.05170833333333333
0 0.27914062500000003 0.36769444444444443 0.0094296875 0.014624999999999999
0 0.1769921875 0.31451388888888887 0.007476562500000001 0.015416666666666665
0 0.140109375 0.35986111111111113 0.01040625 0.022875
0 0.262796875 0.09127777777777778 0.014000000000000002 0.017430555555555557
0 0.284203125 0.01901388888888889 0.0118046875 0.017527777777777778
0 0.2637734375 0.017055555555555553 0.007867187500000001 0.012194444444444444
0 0.42553906250000006 0.04513888888888889 0.010374999999999999 0.01898611111111111
0 0.5267109375000001 0.1614861111111111 0.015320312499999999 0.028874999999999998
0 0.5387734375 0.11765277777777777 0.015046875000000001 0.023944444444444442
1 0.9471796875 0.4243194444444444 0.07768749999999999 0.12456944444444444
1 0.6423359375000001 0.39269444444444446 0.2163671875 0.35720833333333335
1 0.3998046875 0.392375 0.08789843750000001 0.2171111111111111
1 0.2746796875 0.3399027777777778 0.0246015625 0.06094444444444445
1 0.16553125 0.3088472222222222 0.023109374999999998 0.03601388888888889