0 0.39346875 0.42186111111111113 0.019890625000000002 0.035583333333333335
0 0.5594453125000001 0.307375 0.037093749999999995 0.057555555555555554
0 0.9515 0.3741527777777778 0.0675234375 0.09469444444444446
0 0.2583046875 0.2721388888888889 0.009125 0.012916666666666668
0 0.5360703124999999 0.008083333333333333 0.0133359375 0.014888888888888889
0 0.13646875 0.20580555555555557 0.0083125 0.01323611111111111
0 0.09303125 0.2614444444444445 0.017984375 0.035916666666666666
1 0.7272578125 0.3068333333333333 0.3442265625 0.581
1 0.4211171875 0.44968055555555553 0.09526562499999999 0.2738472222222222
1 0.246828125 0.25316666666666665 0.036671875 0.08844444444444445
1 0.12225 0.20005555555555554 0.031234374999999998 0.0525