1 0.27790625 0.27743055555555557 0.2113828125 0.5494722222222223
1 0.643140625 0.17298611111111112 0.1409921875 0.3281527777777778
0 0.0784296875 0.24241666666666667 0.0247109375 0.06390277777777778
1 0.0426640625 0.7708888888888888 0.08225 0.4582361111111111
0 0.2331484375 0.2217222222222222 0.0246640625 0.06666666666666667
1 0.0576953125 0.15831944444444443 0.0322734375 0.12279166666666666
1 0.9371953124999999 0.27772222222222226 0.0745234375 0.14795833333333333
0 0.3762265625 0.5701527777777777 0.042359375 0.06851388888888889
1 0.519265625 0.04597222222222223 0.0411953125 0.08925000000000001
0 0.6916015625 0.3341805555555556 0.0448046875 0.08545833333333333
1 0.009359375 0.4284166666666666 0.0187109375 0.09005555555555556