1 0.089921875 0.15458333333333332 0.1798359375 0.3091527777777778
0 0.3921640625 0.7338611111111111 0.1184609375 0.20333333333333334
0 0.2790390625 0.6334722222222222 0.0298359375 0.04765277777777778
1 0.8352812500000001 0.4872222222222222 0.20521093750000002 0.3830972222222222
0 0.1755 0.3562222222222223 0.0391328125 0.07698611111111112
0 0.706515625 0.06529166666666666 0.0251484375 0.02988888888888889
0 0.32425000000000004 0.6640833333333334 0.025960937499999996 0.04147222222222222
0 0.9742031250000001 0.9665416666666666 0.05159375000000001 0.06691666666666667
0 0.2781796875 0.14016666666666666 0.02946875 0.04709722222222222
0 0.787390625 0.70375 0.0611171875 0.09073611111111111
1 0.23746874999999998 0.09194444444444445 0.06871875 0.08595833333333333
1 0.656265625 0.4137361111111111 0.0375 0.05934722222222222
0 0.8756171875 0.6797083333333334 0.032468750000000005 0.0425
1 0.1988984375 0.4910416666666667 0.029648437500000003 0.04569444444444444
1 0.8214062500000001 0.8226111111111111 0.0452734375 0.05934722222222222
1 0.301328125 0.5521944444444444 0.121921875 0.1867916666666667
0 0.46375781250000003 0.007944444444444445 0.021890625 0.015430555555555555
1 0.4381015625 0.4470833333333333 0.157484375 0.37619444444444444
0 0.0053828125 0.05809722222222222 0.0102734375 0.0495
1 0.050765625 0.38672222222222224 0.028171875000000002 0.04865277777777778