0 0.1415078125 0.06951388888888889 0.023328124999999998 0.049013888888888885
0 0.5091171875 0.025180555555555553 0.037546875 0.050347222222222224
0 0.566421875 0.07104166666666667 0.046054687500000004 0.10448611111111111
0 0.42331250000000004 0.10052777777777777 0.024125 0.06756944444444445
0 0.041109375 0.21856944444444446 0.030195312499999998 0.03865277777777777
0 0.1091484375 0.073625 0.0186796875 0.024055555555555556
0 0.0632421875 0.060055555555555556 0.0141484375 0.01877777777777778
1 0.43479687499999997 0.03819444444444445 0.036265625 0.0763888888888889
1 0.6165546875000001 0.026625000000000003 0.0690390625 0.05323611111111111
1 0.018226562499999998 0.17897222222222225 0.0364609375 0.07723611111111112
0 0.01171875 0.11220833333333334 0.0234375 0.0485
1 0.0815546875 0.034722222222222224 0.0894921875 0.06944444444444445