1 0.4165546875 0.23776388888888889 0.03375 0.03676388888888889
1 0.3327421875 0.402 0.025750000000000002 0.041180555555555554
1 0.4347890625 0.4184444444444444 0.052445312499999994 0.06594444444444444
1 0.26554687499999996 0.36641666666666667 0.0248203125 0.05043055555555556
1 0.46364062500000003 0.5881805555555556 0.1055078125 0.11815277777777777
1 0.23151562499999997 0.19505555555555557 0.12996093749999998 0.19716666666666668
0 0.5072578125 0.6553472222222223 0.0246640625 0.046013888888888896
1 0.37991406250000004 0.019666666666666666 0.04290625 0.03934722222222222
0 0.264828125 0.34034722222222225 0.0110546875 0.015347222222222224
1 0.37199218749999996 0.4094027777777777 0.0159453125 0.02745833333333333
1 0.344140625 0.25080555555555556 0.029578125 0.036291666666666667
1 0.181484375 0.2947777777777778 0.0201875 0.03127777777777778
1 0.2633359375 0.014263888888888888 0.0298125 0.02851388888888889
1 0.5442578124999999 0.11686111111111111 0.0198515625 0.030250000000000003
1 0.42074999999999996 0.32056944444444446 0.033625 0.06619444444444444
1 0.3746640625 0.36740277777777774 0.025734374999999997 0.03995833333333333
1 0.37179687499999997 0.48074999999999996 0.066296875 0.096
1 0.43698437500000004 0.4967361111111111 0.05090625 0.06373611111111112