1 0.30459375 0.27794444444444444 0.0796015625 0.10368055555555557
0 0.26675781249999997 0.34229166666666666 0.0179921875 0.025319444444444447
0 0.256546875 0.1824861111111111 0.0220234375 0.025222222222222222
0 0.2674765625 0.43468055555555557 0.0271015625 0.029083333333333336
0 0.7541171875 0.48545833333333327 0.01071875 0.02077777777777778
1 0.301890625 0.38445833333333335 0.06503125 0.059902777777777784
1 0.2825859375 0.15834722222222222 0.0513046875 0.06834722222222223
1 0.7787890625 0.44597222222222227 0.029546875 0.049555555555555554
0 0.1281875 0.275625 0.013132812499999999 0.017972222222222223
0 0.452734375 0.11727777777777777 0.0084453125 0.018083333333333333
1 0.5856015625000001 0.1880138888888889 0.040749999999999995 0.03733333333333333
0 0.564359375 0.20679166666666665 0.012359375 0.017083333333333336
1 0.1751171875 0.23143055555555556 0.0738984375 0.07152777777777777
1 0.2533984375 0.033875 0.0340390625 0.035236111111111114
1 0.4555703125 0.017430555555555557 0.01896875 0.03290277777777778
1 0.4737578125 0.09330555555555556 0.0397421875 0.033930555555555554
1 0.375578125 0.34481944444444446 0.06349218749999999 0.07654166666666666
1 0.42400000000000004 0.28020833333333334 0.0174140625 0.05408333333333333