0 0.1055625 0.47368055555555555 0.0423203125 0.09206944444444445
1 0.1185546875 0.3214583333333333 0.0722109375 0.20679166666666665
0 0.5495859375000001 0.7437916666666666 0.036851562500000004 0.05273611111111111
0 0.9692890625 0.3938055555555556 0.0296015625 0.04275
1 0.682734375 0.19549999999999998 0.027859375 0.04563888888888889
1 0.70175 0.33037500000000003 0.0655 0.1455972222222222
0 0.7149921875 0.44197222222222227 0.023234374999999998 0.06229166666666667
0 0.10695312500000001 0.16906944444444444 0.014601562500000002 0.020972222222222222
1 0.5470937499999999 0.5655416666666666 0.05271875 0.2601388888888889
1 0.922859375 0.2575694444444444 0.09128906249999999 0.16508333333333333
1 0.7281718749999999 0.14497222222222222 0.028999999999999998 0.03986111111111111
0 0.7773046875 0.1485277777777778 0.0093828125 0.019083333333333334
1 0.88425 0.10347222222222222 0.0207578125 0.028402777777777777
1 0.7679921875 0.10344444444444445 0.013171875 0.04494444444444445
0 0.38534375 0.13591666666666666 0.008843750000000001 0.035194444444444445
1 0.958015625 0.1654861111111111 0.01771875 0.034777777777777776
1 0.1179375 0.11045833333333334 0.0278125 0.06455555555555555
1 0.9198437500000001 0.15240277777777778 0.0172265625 0.030250000000000003
1 0.39003125 0.10326388888888888 0.01340625 0.036500000000000005
1 0.71565625 0.10891666666666668 0.0275859375 0.029444444444444443
1 0.660390625 0.010611111111111111 0.037828125000000004 0.021222222222222222
1 0.9614843750000001 0.3486944444444445 0.029046875 0.04676388888888889