1 0.33285156250000003 0.4285972222222222 0.071 0.12541666666666668
0 0.63065625 0.538375 0.030929687500000004 0.05352777777777778
0 0.515140625 0.6335277777777778 0.0228359375 0.034180555555555554
0 0.4100546875 0.3865694444444444 0.0287109375 0.051972222222222225
0 0.2926328125 0.4691388888888888 0.0181484375 0.02369444444444444
1 0.6000078125 0.4665416666666667 0.055398437499999995 0.1327222222222222
1 0.257390625 0.4284305555555556 0.040546874999999996 0.081625
0 0.5394765625 0.4875833333333333 0.015078125000000001 0.018722222222222223
0 0.37590625 0.5052916666666667 0.014921875000000001 0.02259722222222222
1 0.104765625 0.5945277777777778 0.0803359375 0.07952777777777778
0 0.834171875 0.3978472222222222 0.0109609375 0.01640277777777778
0 0.1284296875 0.6169166666666667 0.0296015625 0.04031944444444445
1 0.4788046875 0.5858333333333333 0.06390625 0.07697222222222222
1 0.301984375 0.3490694444444445 0.0172578125 0.031375
1 0.50203125 0.4456388888888889 0.0708125 0.07893055555555556
0 0.5946875 0.43004166666666666 0.0045 0.005694444444444444
1 0.3784140625 0.3168194444444445 0.0712890625 0.090125
1 0.21272656250000002 0.43569444444444444 0.0301875 0.044583333333333336
1 0.8200156249999999 0.3654305555555556 0.025328125 0.06122222222222222