0 0.8225859375000001 0.1103888888888889 0.013632812499999999 0.018819444444444444
0 0.542375 0.3887222222222222 0.0200078125 0.049763888888888885
0 0.152234375 0.3585138888888889 0.0171328125 0.02809722222222222
0 0.6081640625 0.8342499999999999 0.033875 0.04604166666666666
0 0.011203125 0.3100138888888889 0.02003125 0.03155555555555555
0 0.366765625 0.28129166666666666 0.0174765625 0.024097222222222225
1 0.0978046875 0.2843333333333333 0.09721874999999999 0.140125
0 0.12325 0.09458333333333332 0.0401875 0.06495833333333334
1 0.8325625000000001 0.04684722222222222 0.046234375 0.09369444444444444
1 0.5582265625 0.02665277777777778 0.0289921875 0.05331944444444445
0 0.370453125 0.14404166666666665 0.00578125 0.013125
1 0.5141171875 0.35515277777777776 0.062859375 0.12559722222222222
0 0.569984375 0.06197222222222222 0.007578125 0.017138888888888888
1 0.0984375 0.15675 0.0227265625 0.03127777777777778
1 0.34567187499999996 0.2582083333333333 0.030320312500000002 0.05326388888888889
1 0.0451015625 0.18888888888888888 0.023265625 0.03095833333333333