0 0.29512499999999997 0.236875 0.0325234375 0.035402777777777776
0 0.49622656249999997 0.17358333333333334 0.010765625 0.01929166666666667
0 0.8339531250000001 0.6161666666666666 0.0127265625 0.02259722222222222
0 0.2839375 0.5323055555555556 0.0171328125 0.03320833333333333
0 0.2911796875 0.425625 0.01525 0.02758333333333333
0 0.1545703125 0.3368611111111111 0.01690625 0.02791666666666667
1 0.33557031249999997 0.3551111111111111 0.091984375 0.10161111111111111
0 0.61690625 0.2712638888888889 0.014820312499999998 0.027041666666666665
0 0.8612578125000001 0.5923472222222222 0.0226875 0.025805555555555554
1 0.4054609375 0.465 0.2200078125 0.122875
1 0.2020390625 0.30704166666666666 0.0645078125 0.05613888888888889
1 0.3111875 0.1957361111111111 0.0434921875 0.05536111111111111
1 0.5211406249999999 0.14991666666666667 0.0437421875 0.04091666666666667