1 0.3358359375 0.4290972222222222 0.06977343750000001 0.13190277777777779
0 0.2925390625 0.46841666666666665 0.0191796875 0.023930555555555556
0 0.6385 0.5405416666666667 0.02390625 0.05111111111111111
0 0.5146015625 0.6354305555555555 0.020421875 0.030000000000000002
1 0.5207734375 0.46418055555555554 0.0313046875 0.042083333333333334
0 0.41508593749999995 0.3894444444444444 0.0263984375 0.042833333333333334
1 0.5830390624999999 0.48470833333333335 0.10104687500000001 0.11870833333333333
0 0.1227578125 0.6114166666666667 0.042640625 0.04569444444444444
0 0.8341015625000001 0.3980138888888889 0.0115 0.015347222222222224
0 0.3761640625 0.5056666666666666 0.013890625 0.021902777777777778
0 0.539625 0.4871388888888889 0.0135859375 0.018833333333333334
1 0.824984375 0.3644027777777778 0.02175 0.045222222222222226
1 0.476265625 0.5886111111111111 0.07173437499999999 0.08123611111111112
0 0.5948203125 0.43054166666666666 0.0034453125 0.007333333333333334
1 0.2386640625 0.4269583333333334 0.10570312500000001 0.0922361111111111
1 0.3835390625 0.3078194444444444 0.061265625000000004 0.13483333333333333