1 0.337890625 0.42461111111111116 0.056257812500000004 0.12408333333333334
0 0.29314062500000004 0.46954166666666663 0.017984375 0.021902777777777778
1 0.589796875 0.48315277777777776 0.0915546875 0.1055138888888889
0 0.13089843750000002 0.6216388888888889 0.024140625 0.03218055555555556
0 0.516046875 0.6317361111111112 0.021921875 0.02813888888888889
1 0.238640625 0.4206944444444444 0.0801015625 0.09494444444444444
1 0.37665625 0.3360972222222222 0.07453125000000001 0.10004166666666667
1 0.5005546875 0.44343055555555555 0.06135937500000001 0.07169444444444444
1 0.46664843749999996 0.581875 0.0783828125 0.07951388888888888
0 0.6338359375 0.5423333333333333 0.030195312499999998 0.043583333333333335
0 0.41810937499999995 0.3929305555555556 0.0169453125 0.03829166666666667
1 0.82109375 0.3642916666666667 0.033210937499999996 0.05604166666666667
0 0.539234375 0.487625 0.015609375 0.01948611111111111
0 0.375921875 0.5055277777777778 0.0142421875 0.02048611111111111
1 0.2968671875 0.3357777777777778 0.0192421875 0.02677777777777778
0 0.8348125 0.3994305555555555 0.011625 0.015027777777777779
1 0.1076875 0.5930972222222222 0.050890625 0.05188888888888889
0 0.5952421875 0.43013888888888885 0.0051640625 0.00961111111111111