0 0.4971328125 0.6203611111111111 0.0627578125 0.057430555555555554
0 0.793859375 0.3390972222222222 0.029515625 0.049972222222222216
1 0.74590625 0.5805833333333333 0.027687499999999997 0.043597222222222225
1 0.6160625 0.425875 0.18546093749999998 0.37866666666666665
1 0.8682265625 0.07947222222222222 0.2635390625 0.11540277777777778
1 0.8286796875 0.51525 0.033640625 0.05347222222222222
1 0.90940625 0.2556666666666667 0.1811875 0.2221111111111111
1 0.774203125 0.4677361111111111 0.0425859375 0.04933333333333334
1 0.7928984375 0.25216666666666665 0.0548359375 0.06130555555555556
1 0.9494453125 0.4904166666666667 0.04996875 0.07218055555555555
1 0.8806328125 0.40770833333333334 0.049812499999999996 0.05579166666666667