1 0.8280405405405405 0.8618421052631579 0.13716216216216215 0.16812865497076024
1 0.5483108108108108 0.6871345029239766 0.15608108108108107 0.39766081871345027
1 0.39425675675675675 0.5314327485380117 0.06554054054054054 0.20614035087719298
1 0.8152027027027027 0.3201754385964912 0.06283783783783783 0.22514619883040934
1 0.6888513513513513 0.25511695906432746 0.07635135135135135 0.08625730994152046
1 0.5337837837837838 0.24561403508771928 0.05 0.17251461988304093
0 0.47736486486486485 0.7536549707602339 0.06959459459459459 0.16812865497076024
0 0.3638513513513513 0.5862573099415205 0.026351351351351353 0.05263157894736842
0 0.7875 0.8881578947368421 0.05202702702702703 0.07748538011695906
0 0.7885135135135135 0.4444444444444444 0.01891891891891892 0.05263157894736842
0 0.6489864864864865 0.277046783625731 0.027702702702702704 0.04824561403508772
0 0.5317567567567567 0.3033625730994152 0.02972972972972973 0.04239766081871345