0 0.6712837837837838 0.9576023391812866 0.038513513513513516 0.07602339181286549
0 0.772972972972973 0.5211988304093568 0.01891891891891892 0.04824561403508772
0 0.6628378378378378 0.31140350877192985 0.031081081081081083 0.04093567251461988
0 0.3837837837837838 0.6973684210526315 0.062162162162162166 0.13157894736842105
0 0.5405405405405406 0.3165204678362573 0.02972972972972973 0.04532163742690058
0 0.3222972972972973 0.5211988304093568 0.032432432432432434 0.033625730994152045
1 0.3422297297297297 0.46271929824561403 0.08986486486486486 0.17982456140350878
1 0.4506756756756757 0.6461988304093568 0.1783783783783784 0.3216374269005848
1 0.5466216216216216 0.2448830409356725 0.04864864864864865 0.12719298245614036
1 0.6993243243243243 0.3033625730994152 0.05540540540540541 0.09502923976608187
1 0.8057432432432432 0.4195906432748538 0.05067567567567568 0.17543859649122806
1 0.6972972972972973 0.9517543859649122 0.12162162162162163 0.0935672514619883