1 0.45304054054054055 0.4722222222222222 0.11418918918918919 0.27485380116959063
1 0.5709459459459459 0.2097953216374269 0.06621621621621622 0.1827485380116959
1 0.7260135135135135 0.22295321637426901 0.07094594594594594 0.0891812865497076
1 0.8820945945945946 0.30701754385964913 0.0777027027027027 0.25146198830409355
1 0.6246621621621622 0.6732456140350878 0.16959459459459458 0.4195906432748538
1 0.910472972972973 0.8823099415204678 0.10743243243243243 0.21783625730994152
0 0.39864864864864863 0.5899122807017544 0.05405405405405406 0.08333333333333333
0 0.5114864864864865 0.7529239766081871 0.06756756756756757 0.23684210526315788
0 0.864527027027027 0.9122807017543859 0.075 0.09064327485380116
0 0.8358108108108108 0.43859649122807015 0.03783783783783784 0.07894736842105263
0 0.6939189189189189 0.25292397660818716 0.03783783783783784 0.043859649122807015
0 0.5689189189189189 0.3019005847953216 0.031081081081081083 0.059941520467836254