0 0.4635135135135135 0.7119883040935673 0.05540540540540541 0.1023391812865497
0 0.65 0.2675438596491228 0.03648648648648649 0.05263157894736842
0 0.7908783783783784 0.44371345029239767 0.027702702702702704 0.059941520467836254
0 0.7837837837837838 0.8845029239766082 0.04864864864864865 0.07017543859649122
0 0.36824324324324326 0.5884502923976608 0.05540540540540541 0.08625730994152046
0 0.535472972972973 0.3033625730994152 0.026351351351351353 0.04824561403508772
1 0.8516891891891892 0.8472222222222222 0.12094594594594595 0.29678362573099415
1 0.822972972972973 0.2843567251461988 0.07837837837837838 0.25877192982456143
1 0.6912162162162162 0.24853801169590642 0.05675675675675676 0.11988304093567251
1 0.5364864864864864 0.2185672514619883 0.05540540540540541 0.1652046783625731
1 0.5564189189189189 0.685672514619883 0.15743243243243243 0.39473684210526316
1 0.4141891891891892 0.5153508771929824 0.10270270270270271 0.18859649122807018