0 0.7597972972972973 0.8801169590643275 0.04527027027027027 0.0935672514619883
1 0.8030405405405405 0.8888888888888888 0.08986486486486486 0.14619883040935672
0 0.4429054054054054 0.7273391812865497 0.06554054054054054 0.1388888888888889
0 0.34290540540540543 0.5752923976608187 0.0222972972972973 0.07456140350877193
0 0.5260135135135136 0.30701754385964913 0.03445945945945946 0.05555555555555555
0 0.6341216216216217 0.2733918128654971 0.03581081081081081 0.04093567251461988
0 0.7726351351351352 0.44590643274853803 0.026351351351351353 0.06432748538011696
1 0.37432432432432433 0.5080409356725146 0.06756756756756757 0.17982456140350878
1 0.539527027027027 0.6820175438596491 0.1804054054054054 0.34941520467836257
1 0.5260135135135136 0.2309941520467836 0.06554054054054054 0.11988304093567251
1 0.7986486486486486 0.32456140350877194 0.060810810810810814 0.17251461988304093
1 0.6712837837837838 0.25292397660818716 0.04121621621621622 0.07602339181286549