0 0.7793918918918918 0.8676900584795322 0.03986486486486487 0.097953216374269
1 0.8375 0.8559941520467836 0.07635135135135135 0.21783625730994152
0 0.7898648648648648 0.4517543859649123 0.03648648648648649 0.05263157894736842
1 0.8125 0.32821637426900585 0.046621621621621624 0.19444444444444445
0 0.6543918918918918 0.27923976608187134 0.027702702702702704 0.05263157894736842
1 0.6895270270270271 0.25877192982456143 0.057432432432432436 0.10818713450292397
0 0.5388513513513513 0.30701754385964913 0.03581081081081081 0.04093567251461988
1 0.5364864864864864 0.23391812865497075 0.05540540540540541 0.11988304093567251
0 0.3655405405405405 0.5935672514619883 0.03648648648648649 0.06725146198830409
1 0.40540540540540543 0.5190058479532164 0.08783783783783784 0.18128654970760233
0 0.4668918918918919 0.7361111111111112 0.06891891891891892 0.17982456140350878
1 0.5415540540540541 0.6557017543859649 0.14932432432432433 0.402046783625731