1 0.39864864864864863 0.46271929824561403 0.13648648648648648 0.3815789473684211
1 0.40371621621621623 0.06432748538011696 0.10202702702702703 0.1286549707602339
1 0.5449324324324324 0.04239766081871345 0.07635135135135135 0.0847953216374269
1 0.7206081081081082 0.05701754385964912 0.06418918918918919 0.11403508771929824
1 0.7050675675675676 0.4203216374269006 0.2614864864864865 0.49853801169590645
1 0.9435810810810811 0.3991228070175439 0.11148648648648649 0.16374269005847952
0 0.39864864864864863 0.1615497076023392 0.05405405405405406 0.04824561403508772
0 0.5050675675675675 0.07821637426900585 0.038513513513513516 0.04824561403508772
0 0.7016891891891892 0.13669590643274854 0.026351351351351353 0.03654970760233918
0 0.35777027027027025 0.6483918128654971 0.08716216216216216 0.1915204678362573
0 0.606418918918919 0.6615497076023392 0.11554054054054054 0.24707602339181287
0 0.8986486486486487 0.5073099415204678 0.05540540540540541 0.11988304093567251