1 0.34831081081081083 0.4203216374269006 0.08175675675675675 0.20614035087719298
1 0.5033783783783784 0.1476608187134503 0.05945945945945946 0.17251461988304093
1 0.6618243243243244 0.16447368421052633 0.07094594594594594 0.10087719298245613
1 0.7716216216216216 0.2887426900584795 0.05540540540540541 0.15350877192982457
1 0.7476351351351351 0.7909356725146199 0.09662162162162162 0.18421052631578946
1 0.47736486486486485 0.5752923976608187 0.16283783783783784 0.4342105263157895
0 0.314527027027027 0.48464912280701755 0.03445945945945946 0.059941520467836254
0 0.4185810810810811 0.6673976608187134 0.0831081081081081 0.1388888888888889
0 0.510472972972973 0.21564327485380116 0.03445945945945946 0.04532163742690058
0 0.6287162162162162 0.2010233918128655 0.03986486486486487 0.059941520467836254
0 0.7510135135135135 0.3669590643274854 0.020945945945945947 0.06432748538011696