0 0.4830859375 0.3501527777777778 0.0178828125 0.03809722222222222
0 0.7458046875 0.8757222222222222 0.041734375000000004 0.06302777777777778
1 0.0816015625 0.30288888888888893 0.039125 0.04672222222222222
1 0.362828125 0.07261111111111111 0.0331796875 0.04540277777777778
0 0.0682890625 0.33694444444444444 0.01353125 0.02625
0 0.1134609375 0.167625 0.0198203125 0.035736111111111114
0 0.34221875 0.10206944444444443 0.0122890625 0.028624999999999998
1 0.1363203125 0.12183333333333334 0.047578125 0.065875
1 0.4988671875 0.3125833333333333 0.0433828125 0.051013888888888886
0 0.047984375 0.8887638888888888 0.014593749999999999 0.033375
1 0.790390625 0.8174027777777777 0.0682734375 0.07330555555555555
1 0.06476562500000001 0.8359583333333334 0.047140625000000005 0.07051388888888889