0 0.7408671874999999 0.4505416666666667 0.029414062499999998 0.03308333333333333
1 0.5683203125 0.4004722222222222 0.028499999999999998 0.05441666666666667
0 0.1712734375 0.573138888888889 0.01940625 0.02822222222222222
0 0.5775078125 0.4420138888888889 0.009578125 0.021958333333333333
0 0.627984375 0.32219444444444445 0.008328125 0.01586111111111111
0 0.44624218750000005 0.31880555555555556 0.01096875 0.019583333333333335
0 0.4835234375 0.6248750000000001 0.023859375 0.043166666666666666
0 0.14161718750000002 0.3545138888888889 0.012125 0.018000000000000002
1 0.7425390625 0.41580555555555554 0.0298125 0.04451388888888889
1 0.1485859375 0.5440694444444445 0.0370078125 0.03761111111111111
1 0.8572656249999999 0.3141527777777778 0.01840625 0.04248611111111111
1 0.4501015625 0.5682222222222222 0.0678125 0.08770833333333333