1 0.73371875 0.4597916666666667 0.145125 0.2549444444444445
0 0.8326640624999999 0.19930555555555557 0.038554687500000004 0.044125
1 0.10696874999999999 0.37645833333333334 0.1240625 0.09816666666666668
0 0.1666484375 0.43045833333333333 0.0385859375 0.04606944444444445
1 0.5737109375 0.1353611111111111 0.0715078125 0.08320833333333333
0 0.7958984375 0.5177083333333333 0.0319375 0.059180555555555556
0 0.771859375 0.028680555555555553 0.0138984375 0.027375
0 0.0117421875 0.1218888888888889 0.01815625 0.024583333333333332
0 0.5983359375 0.18291666666666664 0.013132812499999999 0.03013888888888889
0 0.5531015625 0.028125 0.0089140625 0.018833333333333334
0 0.365640625 0.20384722222222224 0.015375 0.029777777777777778
0 0.34895312500000003 0.033944444444444444 0.013507812499999999 0.02086111111111111
1 0.8066718749999999 0.12877777777777777 0.10204687500000001 0.13669444444444445
1 0.754875 0.010125 0.050124999999999996 0.02025