1 0.171921875 0.27505555555555555 0.038328125000000005 0.04766666666666667
0 0.575796875 0.35479166666666667 0.01890625 0.034625
0 0.2146953125 0.1376527777777778 0.020046875 0.03729166666666667
1 0.46098437499999995 0.059652777777777784 0.0368359375 0.047375
1 0.59953125 0.31509722222222225 0.040390625 0.06247222222222222
0 0.44113281249999997 0.08311111111111112 0.0123515625 0.025777777777777774
0 0.10978125000000001 0.8640694444444444 0.014859375 0.03211111111111111
0 0.16241406249999998 0.2999722222222222 0.013539062499999999 0.025333333333333333
1 0.2328671875 0.10041666666666667 0.040023437499999995 0.04851388888888889
1 0.9346406249999999 0.962763888888889 0.13071875 0.07445833333333333
1 0.1342265625 0.8214583333333334 0.0412109375 0.06416666666666668