1 0.5879531250000001 0.13369444444444445 0.045640625000000004 0.08279166666666667
1 0.122203125 0.38130555555555556 0.090578125 0.08783333333333333
1 0.73428125 0.46694444444444444 0.152234375 0.2981666666666667
0 0.796875 0.5125833333333334 0.0295390625 0.07038888888888889
0 0.8335000000000001 0.1963611111111111 0.0371640625 0.04756944444444444
0 0.16702343749999998 0.4285277777777778 0.038703125 0.04808333333333333
0 0.77190625 0.028944444444444443 0.013257812499999999 0.026305555555555558
0 0.5981796875 0.18208333333333332 0.013484375000000002 0.03036111111111111
0 0.0110078125 0.12119444444444445 0.0196171875 0.026111111111111113
0 0.5530468749999999 0.028194444444444446 0.0092890625 0.018569444444444444
1 0.8162265625 0.1532222222222222 0.0843046875 0.06794444444444445
0 0.34928906249999997 0.034541666666666665 0.013593749999999998 0.01975
0 0.3666015625 0.20605555555555558 0.014140625 0.025847222222222223
1 0.7684453125 0.014513888888888889 0.0156640625 0.029041666666666667