1 0.5004348958333333 0.41126388888888893 0.9991302083333333 0.8194444444444444
0 0.5436197916666666 0.5397361111111111 0.013455729166666668 0.01929166666666667
0 0.4229609375 0.5092592592592593 0.0125859375 0.024689814814814814
0 0.41254427083333334 0.49074074074074076 0.008247395833333334 0.015430555555555555
0 0.45854947916666666 0.47376388888888893 0.026476562500000002 0.08950462962962964
0 0.5160598958333333 0.5181342592592593 0.013020833333333334 0.014662037037037038
0 0.6013463541666667 0.6091805555555555 0.013455729166666668 0.014662037037037038
0 0.5056432291666667 0.5146620370370371 0.0069453125 0.016976851851851854
0 0.4924036458333333 0.49922685185185184 0.017794270833333334 0.018518518518518517
0 0.6260859375 0.6184398148148148 0.009981770833333332 0.01311574074074074
0 0.7877604166666666 0.7025462962962963 0.010416666666666666 0.01929166666666667
0 0.6848958333333334 0.6404305555555555 0.0086796875 0.013888888888888888
0 0.6395390625 0.6199861111111111 0.009114583333333334 0.01774537037037037
0 0.8626302083333334 0.7461435185185186 0.009981770833333332 0.023148148148148147