1 0.5006510416666666 0.37789351851851855 0.9986979166666666 0.7557870370370371
0 0.2255859375 0.5214120370370371 0.048828125 0.056712962962962965
0 0.2848307291666667 0.4994212962962963 0.033203125 0.047453703703703706
0 0.3167317708333333 0.525175925925926 0.012369791666666666 0.02488425925925926
0 0.5372734375 0.6331018518518519 0.009440104166666666 0.020833333333333332
0 0.7029088541666667 0.7075601851851852 0.018664062500000002 0.029319444444444443
0 0.8051927083333333 0.6900740740740741 0.007377604166666666 0.011833333333333333
0 0.839265625 0.6714259259259259 0.007234375 0.012601851851851852
0 0.7617916666666668 0.7028055555555556 0.008536458333333333 0.012601851851851852
0 0.7774166666666668 0.7067916666666667 0.005643229166666667 0.012347222222222223
0 0.8453411458333334 0.6607500000000001 0.005497395833333333 0.010800925925925926