1 0.5004348958333333 0.3927453703703704 0.9991328125 0.7854953703703704
0 0.4819557291666667 0.3571435185185185 0.030132812499999998 0.023810185185185184
0 0.4583333333333333 0.44775 0.03125 0.062171296296296294
0 0.4659609375 0.49074074074074076 0.009299479166666668 0.015875
0 0.5457578125 0.5198425925925926 0.009671875 0.015875
0 0.6277890625 0.5952361111111111 0.0107890625 0.018518518518518517
0 0.49795312500000005 0.48115277777777776 0.009299479166666668 0.012564814814814815
0 0.5219505208333334 0.5023148148148148 0.01934635416666667 0.021824074074074076
0 0.42578125 0.4973564814814815 0.007067708333333334 0.011902777777777778
0 0.4194557291666667 0.48148148148148145 0.007067708333333334 0.013226851851851852
0 0.9330364583333334 0.7721574074074073 0.011161458333333334 0.01653240740740741
0 0.8627239583333334 0.7235462962962963 0.0089296875 0.011902777777777778
0 0.7918515625 0.6841944444444444 0.009299479166666668 0.01653240740740741
0 0.744046875 0.6534398148148148 0.005953125 0.009259259259259259
0 0.6030494791666666 0.5889537037037037 0.016369791666666668 0.012564814814814815
0 0.6609010416666667 0.603837962962963 0.005580729166666667 0.009259259259259259
0 0.685453125 0.6157407407407407 0.006325520833333333 0.009259259259259259