1 0.5 0.4066342592592593 1 0.8132731481481482
0 0.9682291666666667 0.7875 0.014583333333333334 0.026851851851851852
0 0.9221354166666667 0.7925925925925926 0.0171875 0.020370370370370372
0 0.93984375 0.8009259259259259 0.013020833333333334 0.022222222222222223
0 0.86796875 0.788425925925926 0.019270833333333334 0.028703703703703703
0 0.778125 0.7578703703703704 0.01875 0.026851851851851852
0 0.8151041666666666 0.763425925925926 0.015625 0.021296296296296296
0 0.7302083333333333 0.7148148148148148 0.014583333333333334 0.03518518518518519
0 0.76640625 0.7226851851851852 0.0109375 0.017592592592592594
0 0.55234375 0.6351851851851852 0.0265625 0.024074074074074074
0 0.6268229166666667 0.6675925925925926 0.013020833333333334 0.018518518518518517
0 0.42630208333333336 0.4949074074074074 0.016145833333333335 0.03425925925925926
0 0.4552083333333333 0.5458333333333333 0.011458333333333333 0.023148148148148147