0 0.43171875 0.48503240740740744 0.011994791666666667 0.024708333333333332
0 0.48367447916666667 0.4636111111111111 0.016364583333333335 0.019328703703703702
0 0.47913281249999995 0.5168148148148148 0.006838541666666667 0.014148148148148148
0 0.545828125 0.5290694444444445 0.011544270833333333 0.01713888888888889
0 0.4503828125 0.5291712962962963 0.007174479166666667 0.00936574074074074
0 0.46209635416666667 0.4526481481481482 0.01221875 0.0356712962962963
0 0.4423125 0.5152222222222222 0.005828125 0.010958333333333334
0 0.6187421875 0.6142592592592593 0.01165625 0.008171296296296296
0 0.6434036458333333 0.6245231481481481 0.018830729166666667 0.009564814814814814
0 0.7623333333333334 0.6758333333333333 0.012778645833333333 0.02610648148148148
0 0.8612526041666667 0.7391064814814815 0.0066145833333333326 0.009166666666666667
0 0.8132213541666666 0.7201712962962963 0.0073984375 0.01674074074074074
0 0.6829791666666666 0.6377361111111111 0.0060651041666666666 0.012203703703703703
1 0.5 0.4212962962962963 1 0.8425925925925926