1 0.5 0.4135787037037037 1 0.8209861111111111
0 0.45703125 0.5550925925925926 0.015104166666666667 0.023148148148148147
0 0.42473958333333334 0.49722222222222223 0.016145833333333335 0.044444444444444446
0 0.7317708333333334 0.7222222222222222 0.015625 0.03888888888888889
0 0.7651041666666667 0.7263888888888889 0.013541666666666667 0.026851851851851852
0 0.7796875 0.7611111111111111 0.0125 0.02962962962962963
0 0.9705729166666667 0.7944444444444444 0.0171875 0.025925925925925925
0 0.9411458333333333 0.8046296296296296 0.010416666666666666 0.022222222222222223
0 0.9244791666666666 0.8032407407407407 0.010416666666666666 0.023148148148148147
0 0.8700520833333333 0.7967592592592593 0.013020833333333334 0.025
0 0.5517109375 0.6431898148148149 0.02752864583333333 0.01653240740740741
0 0.6279765625 0.674601851851852 0.014880208333333334 0.017194444444444446