1 0.5004348958333333 0.3950601851851852 0.9991302083333333 0.7901203703703704
0 0.4767786458333333 0.35031018518518514 0.017794270833333334 0.024689814814814814
0 0.4583333333333333 0.4564027777777778 0.03472135416666667 0.07484722222222222
0 0.544921875 0.5200601851851852 0.0108515625 0.016976851851851854
0 0.517578125 0.5007731481481482 0.029947916666666668 0.026236111111111113
0 0.4270833333333333 0.496912037037037 0.006075520833333333 0.012347222222222223
0 0.6286901041666667 0.596837962962963 0.008247395833333334 0.01311574074074074
0 0.7432734375 0.6527777777777778 0.009114583333333334 0.015430555555555555
0 0.7923177083333334 0.6836435185185186 0.009114583333333334 0.018518518518518517
0 0.9348958333333334 0.7750787037037037 0.010416666666666666 0.01311574074074074
0 0.6039505208333333 0.5883472222222222 0.014322916666666666 0.011574074074074073