1 0.5013020833333334 0.4039351851851852 0.9973958333333334 0.8078703703703703
0 0.8444010416666666 0.7183657407407408 0.013455729166666668 0.018518518518518517
0 0.7490234375 0.6564444444444445 0.0145390625 0.02739351851851852
0 0.7972005208333334 0.700425925925926 0.009330729166666666 0.01658796296296296
0 0.46147916666666666 0.4583333333333333 0.041015625 0.10802314814814816
0 0.5320104166666667 0.5119583333333333 0.0128046875 0.016976851851851854
0 0.5168541666666667 0.507587962962963 0.015190104166666666 0.01723148148148148
0 0.6235520833333333 0.6090555555555556 0.005786458333333333 0.009259259259259259
0 0.6050338541666667 0.5951666666666666 0.01678125 0.020574074074074074
0 0.4990546875 0.49142129629629633 0.009083333333333334 0.009564814814814814
0 0.42373958333333334 0.4939675925925926 0.004611979166666667 0.008199074074074074
0 0.4280703125 0.5012962962962962 0.0034921875 0.007453703703703705