1 0.56640625 0.31404166666666666 0.8671875 0.6157407407407407
0 0.5362421875 0.5065601851851852 0.01171875 0.016203703703703703
0 0.5653203125 0.5547824074074074 0.0125859375 0.018518518518518517
0 0.5980911458333333 0.5636574074074074 0.0078125 0.01311574074074074
0 0.634765625 0.565587962962963 0.008247395833333334 0.015430555555555555
0 0.9184036458333333 0.6084120370370371 0.010416666666666666 0.016203703703703703
0 0.7808151041666667 0.5999212962962963 0.0147578125 0.016203703703703703
0 0.8116328125 0.5983796296296297 0.0086796875 0.011574074074074073
0 0.8869348958333333 0.6080231481481481 0.009114583333333334 0.013888888888888888
0 0.9431432291666667 0.5744583333333333 0.0069453125 0.016203703703703703
0 0.9939244791666667 0.5266203703703703 0.0086796875 0.016203703703703703
0 0.9924036458333333 0.559800925925926 0.009114583333333334 0.023921296296296298