1 0.5 0.40431944444444445 1 0.8086435185185186
0 0.4585182291666667 0.47718055555555555 0.0323671875 0.08399537037037037
0 0.5424114583333334 0.5443101851851851 0.013393229166666666 0.018518518518518517
0 0.5042786458333334 0.512898148148148 0.028645833333333332 0.031083333333333334
0 0.41871354166666663 0.5079351851851852 0.007067708333333334 0.011902777777777778
0 0.4231770833333333 0.5201712962962962 0.008557291666666666 0.009921296296296296
0 0.4352682291666667 0.5304212962962963 0.008184895833333334 0.010583333333333333
0 0.6158854166666666 0.6147499999999999 0.04650260416666666 0.023148148148148147
0 0.7864583333333334 0.7053564814814814 0.007440104166666667 0.015212962962962963
0 0.7412578125 0.676587962962963 0.0078125 0.014550925925925925
0 0.7574401041666667 0.6845231481481481 0.005208333333333333 0.011902777777777778
0 0.8619791666666666 0.7417685185185185 0.0075234375 0.015430555555555555