1 0.5004348958333333 0.3958333333333333 0.9991302083333333 0.7916666666666666
0 0.13020833333333334 0.55 0.027083333333333334 0.04814814814814815
0 0.15052083333333333 0.5814814814814815 0.010416666666666666 0.018518518518518517
0 0.16354166666666667 0.5921296296296297 0.010416666666666666 0.021296296296296296
0 0.17578125 0.6027777777777777 0.013020833333333334 0.020370370370370372
0 0.6788203125 0.7260787037037036 0.012153645833333334 0.018518518518518517
0 0.6538619791666667 0.7310972222222223 0.009981770833333332 0.022375
0 0.6401901041666667 0.7361111111111112 0.012153645833333334 0.016976851851851854
0 0.5935338541666667 0.7384259259259259 0.0125859375 0.020060185185185184
0 0.5078125 0.7364953703703704 0.011283854166666666 0.01929166666666667
0 0.46332552083333334 0.7133472222222222 0.013455729166666668 0.022375
0 0.27306510416666663 0.6626990740740741 0.03125 0.015875