1 0.5 0.39467592592592593 1 0.7893518518518519
0 0.46770833333333334 0.44675925925925924 0.016666666666666666 0.028703703703703703
0 0.45481770833333335 0.47847222222222224 0.03046875 0.0587962962962963
0 0.4230963541666667 0.49450462962962966 0.007 0.014467592592592593
0 0.4310703125 0.5078148148148148 0.005372395833333333 0.01099537037037037
0 0.7499192708333333 0.6631944444444444 0.013510416666666667 0.023148148148148147
0 0.5322265625 0.5186620370370371 0.0078125 0.015337962962962965
0 0.5166822916666667 0.5117175925925925 0.016440104166666667 0.015337962962962965
0 0.7966302083333333 0.7022592592592594 0.007325520833333333 0.01099537037037037
0 0.9219453125 0.7728472222222221 0.003927083333333334 0.007787037037037037
0 0.9606901041666667 0.7841296296296296 0.005135416666666667 0.01074074074074074