1 0.5 0.37962962962962965 1 0.7592592592592593
0 0.45854947916666666 0.4486898148148148 0.03515625 0.09027777777777778
0 0.4283854166666667 0.49614351851851857 0.004341145833333334 0.012347222222222223
0 0.4210078125 0.47685185185185186 0.0078125 0.021606481481481483
0 0.5288619791666667 0.5054027777777778 0.009114583333333334 0.013888888888888888
0 0.5462239583333334 0.5200601851851852 0.008247395833333334 0.015430555555555555
0 0.5173619791666667 0.4980694444444444 0.0086796875 0.01311574074074074
0 0.5 0.4830231481481481 0.0069453125 0.015430555555555555
0 0.9357630208333333 0.7750787037037037 0.0069453125 0.01311574074074074
0 0.7938359375 0.6855694444444445 0.006075520833333333 0.014662037037037038
0 0.7443567708333333 0.653162037037037 0.010416666666666666 0.014662037037037038
0 0.6634114583333334 0.6057083333333333 0.014322916666666666 0.020060185185185184
0 0.6297734375 0.5952916666666667 0.009549479166666668 0.01774537037037037