1 0.5 0.4207175925925926 1 0.8414351851851852
0 0.4676927083333334 0.44372222222222224 0.016114583333333335 0.026333333333333334
0 0.44921875 0.43316203703703704 0.015950520833333332 0.04398148148148148
0 0.4562630208333333 0.4711712962962963 0.007221354166666667 0.01136574074074074
0 0.4602265625 0.48306018518518523 0.0071015625 0.01073148148148148
0 0.4667369791666667 0.49852777777777774 0.009231770833333335 0.010523148148148148
0 0.5224322916666667 0.5087314814814814 0.025450520833333334 0.022518518518518518
0 0.4166666666666667 0.4712731481481482 0.006627604166666666 0.014939814814814815
0 0.6224557291666667 0.6054305555555556 0.007221354166666667 0.013046296296296295
0 0.7476927083333333 0.6541435185185185 0.013848958333333333 0.023777777777777776
0 0.7983541666666666 0.6969675925925927 0.007221354166666667 0.017675925925925925
0 0.84540625 0.7162268518518519 0.008997395833333333 0.014097222222222221