0 0.7897682291666667 0.7046111111111111 0.007872395833333334 0.015805555555555555
0 0.6258203125 0.616111111111111 0.007111979166666667 0.008578703703703705
0 0.604484375 0.608662037037037 0.019302083333333334 0.015351851851851851
0 0.6618854166666667 0.6267222222222222 0.007111979166666667 0.01174074074074074
0 0.542640625 0.5398055555555555 0.0093984375 0.015805555555555555
0 0.5131770833333333 0.5197083333333333 0.023619791666666667 0.01986574074074074
0 0.4926041666666666 0.49871296296296297 0.017018229166666666 0.019416666666666665
0 0.4655546875 0.46225925925925926 0.009414062499999999 0.015175925925925926
0 0.45541145833333335 0.44928703703703704 0.004695312500000001 0.012171296296296296
0 0.46431510416666666 0.509199074074074 0.007044270833333334 0.012
0 0.4515 0.47185185185185186 0.016140625 0.05051851851851852
0 0.44780729166666666 0.4385046296296296 0.004255208333333333 0.008
0 0.4235859375 0.5188888888888888 0.0027526041666666667 0.005439814814814815
0 0.41914843749999997 0.5058333333333332 0.0030598958333333333 0.004712962962962963
1 0.5 0.40605555555555556 1 0.8121157407407408