1 0.5 0.39429166666666665 1 0.7885787037037036
0 0.45854947916666666 0.46026388888888886 0.03949739583333333 0.07947685185185184
0 0.5460078125 0.5200601851851852 0.011283854166666666 0.016976851851851854
0 0.5219192708333333 0.5019305555555555 0.020398437499999998 0.022375
0 0.419921875 0.48186574074074073 0.008247395833333334 0.011574074074074073
0 0.4266484375 0.4949861111111111 0.0086796875 0.01311574074074074
0 0.6286901041666667 0.5949074074074074 0.009114583333333334 0.015430555555555555
0 0.6037317708333333 0.5883472222222222 0.019966145833333334 0.016203703703703703
0 0.7914505208333333 0.6836435185185186 0.009981770833333332 0.021606481481481483
0 0.7430546875 0.6543194444444445 0.011283854166666666 0.015430555555555555
0 0.9357630208333333 0.7739212962962964 0.0086796875 0.016976851851851854