1 0.5 0.4039351851851852 1 0.8078703703703703
0 0.7874401041666667 0.7046990740740741 0.0066848958333333335 0.015449074074074073
0 0.6156458333333333 0.6146805555555556 0.0474609375 0.018421296296296297
0 0.4587265625 0.48009722222222223 0.026403645833333333 0.07724537037037037
0 0.542953125 0.5424861111111111 0.010361979166666667 0.015449074074074073
0 0.5118697916666667 0.5213935185185186 0.025067708333333334 0.025550925925925925
0 0.4934869791666667 0.5014907407407407 0.0183828125 0.015449074074074073
0 0.41796614583333336 0.5069583333333333 0.00334375 0.006143518518518519
0 0.42292447916666664 0.5200370370370371 0.0032317708333333335 0.005351851851851852
0 0.43529687499999997 0.530337962962963 0.0023411458333333335 0.005351851851851852
0 0.4280494791666667 0.5265138888888888 0.006893229166666666 0.006379629629629629