0 0.19049479166666666 0.5476851851851852 0.013802083333333333 0.025925925925925925
0 0.21328125 0.45532407407407405 0.030729166666666665 0.05138888888888889
0 0.25755208333333335 0.5099537037037037 0.0140625 0.02546296296296296
0 0.27591145833333336 0.5277777777777778 0.008072916666666667 0.018518518518518517
0 0.794140625 0.6597222222222222 0.012239583333333333 0.026851851851851852
0 0.6639322916666667 0.6925925925925925 0.011197916666666667 0.022222222222222223
0 0.5897135416666667 0.65 0.00859375 0.020370370370370372
0 0.5385416666666667 0.6435185185185185 0.009375 0.022222222222222223
0 0.5102864583333333 0.631712962962963 0.01015625 0.015277777777777777
0 0.363171875 0.5972222222222222 0.008463541666666666 0.020060185185185184
0 0.3742395833333333 0.5952916666666667 0.0088984375 0.01774537037037037
0 0.7606614583333333 0.6795416666666666 0.006348958333333333 0.011865740740740741
0 0.6998697916666666 0.6931435185185185 0.007161458333333333 0.011287037037037036
1 0.5 0.37037037037037035 1 0.7407407407407407