1 0.5 0.40046296296296297 1 0.8009259259259259
0 0.7872395833333333 0.7092592592592593 0.011979166666666667 0.018518518518518517
0 0.5416666666666666 0.5458333333333333 0.0125 0.019444444444444445
0 0.4114583333333333 0.4976851851851852 0.00625 0.013888888888888888
0 0.41796875 0.5106481481481482 0.009895833333333333 0.013888888888888888
0 0.45729166666666665 0.45925925925925926 0.036458333333333336 0.06481481481481481
0 0.4630208333333333 0.5157407407407407 0.009375 0.018518518518518517
0 0.5 0.5111111111111111 0.042708333333333334 0.046296296296296294
0 0.43564062499999995 0.5317453703703704 0.0066953125 0.011902777777777778
0 0.4233619791666667 0.5231481481481481 0.0066953125 0.011902777777777778
0 0.6017473958333334 0.6144166666666667 0.021950520833333334 0.018518518518518517
0 0.6236979166666666 0.6220231481481481 0.0078125 0.009921296296296296