1 0.5 0.3773148148148148 1 0.75
0 0.216796875 0.4325833333333333 0.040364583333333336 0.09895833333333333
0 0.19482552083333332 0.5436944444444445 0.0224609375 0.04224537037037037
0 0.25026041666666665 0.49537037037037035 0.007291666666666667 0.020370370370370372
0 0.26145833333333335 0.50625 0.010416666666666666 0.02361111111111111
0 0.27734375 0.5217592592592593 0.013020833333333334 0.019444444444444445
0 0.36772916666666666 0.5925925925925926 0.027994791666666668 0.026236111111111113
0 0.7007369791666667 0.6853796296296296 0.0125859375 0.023532407407407408
0 0.8115234375 0.6417824074074074 0.008463541666666666 0.015819444444444445
0 0.793078125 0.6543194444444445 0.0106328125 0.016976851851851854
0 0.7592239583333333 0.6766990740740741 0.009765625 0.016976851851851854
0 0.7190755208333334 0.6871157407407408 0.007596354166666667 0.016203703703703703
0 0.9468307291666667 0.7268518518518519 0.014322916666666666 0.028550925925925928