0 0.7686666666666666 0.9023148148148148 0.015140625 0.013736111111111112
0 0.5773880208333334 0.714162037037037 0.013286458333333334 0.025268518518518517
0 0.5341276041666667 0.6839444444444445 0.05345833333333334 0.051638888888888894
0 0.45965625 0.5757222222222222 0.05098697916666666 0.09888425925925926
0 0.3553645833333333 0.6163749999999999 0.019158854166666666 0.07251388888888889
0 0.4352421875 0.6737824074074074 0.0367734375 0.08954629629629629
0 0.39816145833333333 0.574625 0.03553645833333333 0.08679629629629629
0 0.400015625 0.7232268518518519 0.007726562500000001 0.020324074074074074
0 0.37359635416666664 0.6828472222222223 0.027809895833333334 0.06592129629629628
0 0.37477604166666667 0.6317407407407407 0.007145833333333334 0.014004629629629629
1 0.5 0.5 1 1