1 0.5 0.4548611111111111 1 0.9097222222222222
0 0.6714088541666666 0.6299583333333334 0.015440104166666666 0.011245370370370369
0 0.794828125 0.6903101851851852 0.015252604166666666 0.022157407407407407
0 0.8470989583333334 0.7311527777777778 0.0089296875 0.021824074074074076
0 0.8960182291666666 0.7519861111111111 0.008557291666666666 0.017194444444444446
0 0.6487161458333334 0.6206990740740741 0.009486979166666666 0.013888888888888888
0 0.5747760416666666 0.5322407407407408 0.010416666666666666 0.020833333333333332
0 0.5172057291666666 0.46875 0.01729947916666667 0.02876851851851852
0 0.5599895833333334 0.5259583333333333 0.015067708333333334 0.01686574074074074
0 0.49200260416666663 0.4508935185185185 0.013765625 0.04067592592592593
0 0.5104166666666666 0.518351851851852 0.009299479166666668 0.015541666666666667
0 0.4638203125 0.4852824074074074 0.012463541666666666 0.024800925925925928
0 0.48164843749999997 0.5123703703703704 0.0035703125 0.0075
0 0.47114062500000004 0.5128796296296296 0.0094921875 0.014856481481481483
0 0.48201302083333336 0.5323518518518519 0.014361979166666667 0.019763888888888886