1 0.5 0.41281018518518514 1 0.8256157407407407
0 0.4265625 0.4976851851851852 0.019791666666666666 0.03425925925925926
0 0.45677083333333335 0.5504629629629629 0.0125 0.023148148148148147
0 0.7322916666666667 0.7143518518518519 0.015625 0.04537037037037037
0 0.6317708333333333 0.6726851851851852 0.015625 0.026851851851851852
0 0.5513020833333333 0.6421296296296296 0.030729166666666665 0.025
0 0.7799479166666666 0.7578703703703704 0.0109375 0.028703703703703703
0 0.86953125 0.7953703703703704 0.013020833333333334 0.020370370370370372
0 0.9231770833333334 0.7972222222222223 0.0109375 0.024074074074074074
0 0.94140625 0.8041666666666667 0.0109375 0.019444444444444445
0 0.9682291666666667 0.7912037037037037 0.014583333333333334 0.028703703703703703