1 0.5008671875 0.4251527777777778 0.9982630208333333 0.8441342592592592
0 0.4270833333333333 0.5407407407407407 0.020833333333333332 0.046296296296296294
0 0.4549479166666667 0.5893518518518519 0.013020833333333334 0.021296296296296296
0 0.4674479166666667 0.5990740740740741 0.0109375 0.02962962962962963
0 0.5518229166666667 0.6754629629629629 0.030729166666666665 0.023148148148148147
0 0.7330729166666666 0.7555555555555555 0.016145833333333335 0.025925925925925925
0 0.7677083333333333 0.7606481481481482 0.011458333333333333 0.019444444444444445
0 0.78046875 0.7949074074074074 0.0140625 0.023148148148148147
0 0.8192708333333333 0.8009259259259259 0.013541666666666667 0.022222222222222223
0 0.8763020833333334 0.8287037037037037 0.016145833333333335 0.018518518518518517
0 0.9291666666666667 0.8319444444444445 0.011458333333333333 0.019444444444444445
0 0.9755208333333333 0.825925925925926 0.014583333333333334 0.027777777777777776
0 0.9440104166666666 0.8314814814814815 0.013020833333333334 0.024074074074074074
0 0.6272317708333334 0.7060185185185185 0.014138020833333332 0.01785648148148148