1 0.5 0.5 1 1
0 0.49528125 0.46412037037037035 0.0283203125 0.06481481481481481
0 0.5551770833333334 0.40712037037037035 0.029622395833333332 0.08043981481481481
0 0.5865885416666666 0.5329861111111112 0.020833333333333332 0.03587962962962963
0 0.7200520833333334 0.5685787037037038 0.01953125 0.04456018518518518
0 0.6009114583333334 0.44010648148148146 0.03515625 0.05613425925925926
0 0.6860364583333334 0.5529537037037038 0.034830729166666664 0.036458333333333336
0 0.5110677083333334 0.5223749999999999 0.022135416666666668 0.029319444444444443
0 0.5412317708333333 0.5748472222222223 0.010416666666666666 0.027777777777777776
0 0.523328125 0.5542037037037036 0.015408854166666668 0.020449074074074074
0 0.9115677083333333 0.7739212962962964 0.021049479166666666 0.013888888888888888