1 0.5 0.4195601851851852 1 0.8391203703703703
0 0.9323489583333333 0.7739444444444444 0.004783854166666667 0.009199074074074075
0 0.8442734375000001 0.7150092592592593 0.006346354166666667 0.008680555555555556
0 0.8276744791666667 0.7275092592592592 0.004783854166666667 0.008680555555555556
0 0.7981380208333333 0.6980833333333333 0.0078125 0.01475462962962963
0 0.7487786458333333 0.65625 0.013377604166666666 0.022393518518518517
0 0.6020208333333333 0.593412037037037 0.013182291666666667 0.02100462962962963
0 0.6277968749999999 0.6056481481481482 0.017479166666666667 0.010069444444444445
0 0.5494401041666667 0.5277962962962963 0.0044921875 0.00711574074074074
0 0.5299583333333333 0.5122592592592593 0.009666666666666665 0.013541666666666667
0 0.5158489583333333 0.5066157407407407 0.015036458333333334 0.011282407407407408
0 0.4686875 0.44577314814814817 0.015231770833333333 0.024300925925925927
0 0.44950260416666665 0.4322361111111111 0.015916666666666666 0.04548148148148148
0 0.4594609375 0.48439814814814813 0.006151041666666667 0.010587962962962964
0 0.46522135416666666 0.49837037037037035 0.008690104166666665 0.01423611111111111
0 0.4174739583333333 0.4736342592592592 0.007713541666666667 0.01614351851851852