1 0.5 0.40046296296296297 1 0.7978379629629629
0 0.7881953125 0.7040879629629629 0.009549479166666668 0.020833333333333332
0 0.6258671875 0.6165138888888889 0.011283854166666666 0.015430555555555555
0 0.5427526041666667 0.5416666666666666 0.013455729166666668 0.016976851851851854
0 0.45703125 0.47337962962962965 0.037325520833333334 0.09027777777777778
0 0.5102005208333333 0.5158194444444445 0.042101562499999995 0.03935185185185185
0 0.41840364583333334 0.5077175925925926 0.0078125 0.012347222222222223
0 0.42426302083333334 0.5200601851851852 0.008247395833333334 0.012347222222222223
0 0.4353307291666667 0.528162037037037 0.0078125 0.01311574074074074
0 0.6032994791666667 0.6095694444444445 0.0234375 0.021606481481481483
0 0.7425130208333334 0.6750601851851853 0.007161458333333333 0.01099537037037037
0 0.6588541666666666 0.6238425925925926 0.007161458333333333 0.011574074074074073
0 0.8614895833333333 0.7427685185185186 0.006184895833333333 0.01099537037037037