1 0.5 0.3989212962962963 1 0.7978379629629629
0 0.7872395833333333 0.7078703703703704 0.008854166666666666 0.01574074074074074
0 0.5421875 0.5458333333333333 0.010416666666666666 0.017592592592592594
0 0.6020833333333333 0.6143518518518518 0.026041666666666668 0.023148148148148147
0 0.6236979166666666 0.6212962962962963 0.009895833333333333 0.012962962962962963
0 0.49895833333333334 0.5083333333333333 0.040625 0.04814814814814815
0 0.45755208333333336 0.4777777777777778 0.034895833333333334 0.09259259259259259
0 0.41015625 0.49583333333333335 0.008854166666666666 0.012037037037037037
0 0.41796875 0.5101851851851852 0.005729166666666666 0.011111111111111112
0 0.4234375 0.5226851851851851 0.007291666666666667 0.010185185185185186
0 0.6380208333333334 0.6236111111111111 0.007291666666666667 0.01574074074074074