1 0.5006510416666666 0.375 0.9986979166666666 0.75
0 0.21809895833333334 0.4427083333333333 0.041666666666666664 0.07291666666666667
0 0.19244791666666666 0.5458333333333333 0.0171875 0.030555555555555555
0 0.24973958333333332 0.49583333333333335 0.008854166666666666 0.019444444444444445
0 0.2760416666666667 0.5222222222222223 0.011458333333333333 0.020370370370370372
0 0.26145833333333335 0.5111111111111111 0.009375 0.025925925925925925
0 0.540234375 0.6451388888888889 0.010677083333333334 0.02175925925925926
0 0.9447916666666667 0.7266203703703704 0.013541666666666667 0.02546296296296296
0 0.79296875 0.6550925925925926 0.0109375 0.025
0 0.759765625 0.6761574074074074 0.01015625 0.01990740740740741
0 0.7334453125 0.6805925925925925 0.0090859375 0.012175925925925927
0 0.7008020833333333 0.6884212962962963 0.008666666666666666 0.014912037037037038
0 0.6666927083333333 0.6922731481481481 0.010903645833333333 0.017643518518518517