1 0.5006510416666666 0.3726851851851852 0.9986979166666666 0.7407407407407407
0 0.19270833333333334 0.5448518518518519 0.018229166666666668 0.031828703703703706
0 0.21338020833333332 0.45110185185185186 0.0361328125 0.061921296296296294
0 0.2599270833333333 0.5138888888888888 0.0146484375 0.027777777777777776
0 0.2770182291666667 0.5266203703703703 0.012369791666666666 0.020833333333333332
0 0.5894088541666667 0.6598194444444445 0.019096354166666666 0.027199074074074073
0 0.5390625 0.6472824074074075 0.013020833333333334 0.023726851851851853
0 0.7937838541666667 0.6571203703703704 0.0107421875 0.022569444444444444
0 0.7622083333333334 0.6811342592592593 0.015299479166666666 0.02199074074074074
0 0.6681328125 0.6973379629629629 0.0185546875 0.02662037037037037
0 0.70128125 0.6934814814814815 0.0088984375 0.01350462962962963