1 0.5 0.43287037037037035 1 0.8657407407407407
0 0.9877604166666667 0.8569444444444444 0.009895833333333333 0.013888888888888888
0 0.9723958333333333 0.8513888888888889 0.014583333333333334 0.028703703703703703
0 0.8703125 0.8185185185185185 0.013541666666666667 0.027777777777777776
0 0.8184895833333333 0.775 0.018229166666666668 0.025925925925925925
0 0.9111979166666667 0.8240740740740741 0.0109375 0.020370370370370372
0 0.49635416666666665 0.5402777777777777 0.016666666666666666 0.026851851851851852
0 0.5166666666666667 0.5773148148148148 0.0125 0.01574074074074074
0 0.5276041666666667 0.5902777777777778 0.009375 0.01574074074074074
0 0.5385416666666667 0.600925925925926 0.010416666666666666 0.012962962962962963
0 0.6247395833333333 0.6787037037037037 0.0265625 0.018518518518518517