1 0.5 0.40431944444444445 1 0.8086435185185186
0 0.9720052083333334 0.7862638888888889 0.014322916666666666 0.023148148148148147
0 0.9411901041666667 0.7878101851851852 0.016059895833333334 0.032407407407407406
0 0.9246953125 0.7893518518518519 0.0108515625 0.023148148148148147
0 0.783203125 0.746912037037037 0.018664062500000002 0.029319444444444443
0 0.7335078125 0.7121898148148148 0.0147578125 0.029319444444444443
0 0.5559895833333334 0.6338750000000001 0.029513020833333334 0.01929166666666667
0 0.6315104166666666 0.6651250000000001 0.013020833333333334 0.021606481481481483
0 0.4865442708333333 0.5690601851851852 0.011283854166666666 0.022375
0 0.4576822916666667 0.5435972222222223 0.01171875 0.023921296296296298
0 0.42729947916666666 0.48649537037037033 0.016927083333333332 0.03163425925925926