1 0.5 0.3626527777777778 1 0.7191342592592592
0 0.34322916666666664 0.43333333333333335 0.015625 0.03148148148148148
0 0.31484375 0.5208333333333334 0.015104166666666667 0.03611111111111111
0 0.3841145833333333 0.4986111111111111 0.022395833333333334 0.026851851851851852
0 0.78359375 0.7101851851851851 0.011979166666666667 0.024074074074074074
0 0.9203125 0.6902777777777778 0.011458333333333333 0.019444444444444445
0 0.8380208333333333 0.7148148148148148 0.013541666666666667 0.020370370370370372
0 0.5296875 0.5967592592592592 0.0125 0.019444444444444445
0 0.48784635416666666 0.5821759259259259 0.010416666666666666 0.020833333333333332
0 0.47612760416666666 0.5825601851851852 0.012153645833333334 0.021606481481481483
0 0.6516927083333334 0.6508472222222222 0.0108515625 0.016203703703703703