1 0.5 0.41126388888888893 1 0.8194444444444444
0 0.428125 0.4935185185185185 0.019791666666666666 0.044444444444444446
0 0.45625 0.55 0.011458333333333333 0.022222222222222223
0 0.48489583333333336 0.575 0.013541666666666667 0.024074074074074074
0 0.4705729166666667 0.5578703703703703 0.013020833333333334 0.025
0 0.73125 0.7134259259259259 0.017708333333333333 0.041666666666666664
0 0.7828125 0.7583333333333333 0.014583333333333334 0.02962962962962963
0 0.5510416666666667 0.6388888888888888 0.023958333333333335 0.020370370370370372
0 0.8700520833333333 0.7949074074074074 0.0109375 0.026851851851851852
0 0.9234375 0.7976851851851852 0.014583333333333334 0.01574074074074074
0 0.9421875 0.8041666666666667 0.0125 0.021296296296296296
0 0.96953125 0.7907407407407407 0.015104166666666667 0.022222222222222223