1 0.5 0.3873472222222222 1 0.7746898148148148
0 0.4572473958333333 0.4548611111111111 0.033419270833333334 0.0625
0 0.42534635416666666 0.5046296296296297 0.0069453125 0.010800925925925926
0 0.5436197916666666 0.528162037037037 0.009114583333333334 0.014662037037037038
0 0.5143229166666666 0.5073287037037036 0.028645833333333332 0.020833333333333332
0 0.62615625 0.6026250000000001 0.009260416666666667 0.010800925925925926
0 0.604890625 0.5985092592592592 0.019385416666666665 0.016976851851851854
0 0.6617473958333334 0.6131666666666666 0.009838541666666667 0.012347222222222223
0 0.742765625 0.6610092592592592 0.0081015625 0.011314814814814816
0 0.7887734375 0.689300925925926 0.0081015625 0.013375
0 0.8622682291666667 0.7299398148148148 0.0075234375 0.019546296296296294
0 0.9328697916666666 0.7808657407407408 0.0069453125 0.015430555555555555
0 0.8875859375 0.748712962962963 0.00665625 0.009773148148148147
0 0.9802526041666667 0.40933796296296293 0.009114583333333334 0.02546296296296296