1 0.5004348958333333 0.3989212962962963 0.9991302083333333 0.7947546296296296
0 0.4672630208333333 0.4418009259259259 0.015625 0.022486111111111113
0 0.45275260416666663 0.45932407407407405 0.017111979166666666 0.029763888888888892
0 0.4665182291666667 0.4940462962962963 0.008184895833333334 0.014550925925925925
0 0.4231770833333333 0.4867731481481482 0.008557291666666666 0.010583333333333333
0 0.4347109375 0.5076064814814815 0.015252604166666666 0.019180555555555555
0 0.9382447916666667 0.7797638888888889 0.010416666666666666 0.015875
0 0.8928567708333334 0.7476851851851852 0.008184895833333334 0.01653240740740741
0 0.8686744791666666 0.7172638888888889 0.009671875 0.01653240740740741
0 0.5494791666666666 0.5251342592592593 0.010416666666666666 0.014550925925925925
0 0.501859375 0.4861111111111111 0.008184895833333334 0.010583333333333333