1 0.5121536458333333 0.31404166666666666 0.9756927083333333 0.6280833333333333
0 0.544828125 0.5099212962962963 0.010044270833333334 0.015875
0 0.5744036458333334 0.5575416666666666 0.011161458333333334 0.010583333333333333
0 0.6078880208333334 0.5677916666666667 0.011903645833333334 0.013888888888888888
0 0.8668151041666667 0.6183842592592593 0.008184895833333334 0.010583333333333333
0 0.9430807291666666 0.5826712962962962 0.009671875 0.015875
0 0.9544270833333334 0.5833333333333334 0.007067708333333334 0.014550925925925925
0 0.9929322916666667 0.5796944444444445 0.0089296875 0.015212962962962963
0 0.9274557291666666 0.6117731481481482 0.011903645833333334 0.018518518518518517
0 0.7918515625 0.6058194444444445 0.012276041666666666 0.013226851851851852
0 0.6439739583333334 0.5707685185185185 0.011161458333333334 0.011902777777777778