1 0.4995338541666667 0.37169444444444444 0.9990703125 0.7433842592592593
0 0.19049479166666666 0.5398148148148149 0.015364583333333333 0.023148148148148147
0 0.20299479166666667 0.4321759259259259 0.012239583333333333 0.02546296296296296
0 0.25677083333333334 0.5111111111111111 0.011458333333333333 0.024074074074074074
0 0.27630208333333334 0.5238425925925926 0.011979166666666667 0.02175925925925926
0 0.220703125 0.4638888888888889 0.017447916666666667 0.02962962962962963
0 0.3640625 0.5925925925925926 0.009375 0.018518518518518517
0 0.5079427083333333 0.6305555555555555 0.015885416666666666 0.020370370370370372
0 0.5376302083333333 0.6377314814814815 0.012760416666666666 0.027314814814814816
0 0.588671875 0.6509259259259259 0.012760416666666666 0.025
0 0.6645833333333333 0.6900462962962963 0.0125 0.02546296296296296
0 0.6375 0.680324074074074 0.010416666666666666 0.01990740740740741
0 0.68125 0.6983796296296296 0.009375 0.01712962962962963
0 0.7000546875 0.6879953703703704 0.007255208333333333 0.013560185185185186
0 0.7316770833333333 0.6760925925925926 0.006510416666666667 0.016203703703703703
0 0.7940859375 0.6541018518518518 0.008557291666666666 0.015875
0 0.7610677083333334 0.6750972222222222 0.0087421875 0.012898148148148148