1 0.5004348958333333 0.4097222222222222 0.9991328125 0.8163564814814814
0 0.42578125 0.5011574074074074 0.026041666666666668 0.05324074074074074
0 0.5533854166666666 0.6454490740740741 0.028645833333333332 0.01774537037037037
0 0.6286901041666667 0.6790138888888889 0.0108515625 0.018518518518518517
0 0.73046875 0.7222222222222222 0.0147578125 0.029319444444444443
0 0.7788619791666667 0.7611898148148148 0.013455729166666668 0.023921296296296298
0 0.8142369791666667 0.7716064814814815 0.013020833333333334 0.016976851851851854
0 0.8702265625 0.7993842592592593 0.013888020833333332 0.020060185185185184
0 0.9229609375 0.7982268518518519 0.0125859375 0.01929166666666667
0 0.9665807291666667 0.7959120370370371 0.013888020833333332 0.01929166666666667
0 0.4576822916666667 0.5563287037037037 0.01171875 0.024689814814814814