1 0.5 0.4068287037037037 1 0.8136574074074074
0 0.45872395833333335 0.4648148148148148 0.03828125 0.09444444444444444
0 0.7505546875 0.6608333333333334 0.01153125 0.02899074074074074
0 0.7968307291666666 0.7033981481481482 0.0060260416666666665 0.01514351851851852
0 0.9602786458333333 0.7863148148148148 0.006752604166666666 0.011078703703703703
0 0.9398151041666666 0.7935185185185185 0.006127604166666667 0.0070185185185185186
0 0.5236015625 0.5144675925925926 0.027669270833333332 0.03125
0 0.42363802083333335 0.4975601851851852 0.0042265625 0.008583333333333333
0 0.429625 0.5072175925925926 0.006138020833333333 0.01502314814814815
0 0.4355078125 0.5189305555555556 0.00825 0.008763888888888889
0 0.41579166666666667 0.48199999999999993 0.0042265625 0.008226851851851852