1 0.5 0.4050925925925926 1 0.8040138888888889
0 0.97109375 0.7856481481481481 0.009895833333333333 0.025
0 0.9421875 0.7907407407407407 0.0125 0.027777777777777776
0 0.9268229166666667 0.787962962962963 0.011979166666666667 0.020370370370370372
0 0.7817708333333333 0.7481481481481481 0.017708333333333333 0.02962962962962963
0 0.7315104166666667 0.7083333333333334 0.0203125 0.03148148148148148
0 0.5541666666666667 0.6324074074074074 0.029166666666666667 0.016666666666666666
0 0.459375 0.5462962962962963 0.014583333333333334 0.025925925925925925
0 0.4265625 0.48657407407407405 0.013541666666666667 0.028703703703703703
0 0.86953125 0.7861111111111111 0.015104166666666667 0.020370370370370372
0 0.6294270833333333 0.6643518518518519 0.018229166666666668 0.021296296296296296