1 0.5 0.46875 1 0.9375
0 0.8201510416666667 0.7552083333333334 0.025716145833333332 0.02199074074074074
0 0.7724609375 0.7361111111111112 0.020182291666666668 0.023148148148148147
0 0.6303723958333334 0.5596064814814815 0.021158854166666668 0.03819444444444445
0 0.5854505208333334 0.5364583333333334 0.060221354166666664 0.07523148148148148
0 0.5022786458333334 0.4152222222222222 0.043619791666666664 0.061921296296296294
0 0.4078776041666667 0.4655694444444444 0.024088541666666668 0.05844907407407408
0 0.4591484375 0.41782407407407407 0.028971354166666668 0.05787037037037037
0 0.4886067708333333 0.5026064814814816 0.046223958333333336 0.08622685185185185
0 0.426921875 0.5208333333333334 0.025065104166666668 0.03009259259259259
0 0.4337578125 0.5509259259259259 0.021158854166666668 0.02662037037037037
0 0.4549166666666667 0.572050925925926 0.013997395833333334 0.028356481481481483