1 0.5013020833333334 0.5 0.9973958333333334 1
0 0.7687239583333334 0.9600648148148148 0.0148828125 0.03017592592592593
0 0.5448046875 0.8062916666666666 0.014416666666666666 0.02687037037037037
0 0.48318489583333335 0.7409768518518518 0.02139322916666667 0.031828703703703706
0 0.42796093749999997 0.7637129629629629 0.013252604166666666 0.019430555555555555
0 0.45981770833333335 0.7291944444444444 0.011859375 0.04299074074074074
0 0.47703124999999996 0.79325 0.006458333333333333 0.012708333333333334
0 0.4341041666666667 0.7859027777777777 0.0039609375 0.007194444444444444
0 0.447453125 0.8083287037037037 0.006544270833333333 0.007347222222222222
0 0.4390546875 0.7934814814814816 0.004565104166666667 0.006430555555555556
0 0.44215625000000003 0.802513888888889 0.0031875000000000002 0.00550925925925926
0 0.6856458333333334 0.9203935185185185 0.0037890625000000003 0.009185185185185185
0 0.6434479166666667 0.9073055555555556 0.0192890625 0.010564814814814815
0 0.6197421875 0.8979351851851851 0.012531249999999999 0.016291666666666666