1 0.5006510416666666 0.3784722222222222 0.9986979166666666 0.7569444444444444
0 0.1915703125 0.5480324074074074 0.0146484375 0.03125
0 0.20475260416666666 0.4389490740740741 0.016276041666666668 0.030671296296296297
0 0.2267265625 0.47309259259259256 0.015299479166666666 0.023726851851851853
0 0.2602552083333333 0.5133101851851852 0.015299479166666666 0.02662037037037037
0 0.2781588541666667 0.5271990740740741 0.009440104166666666 0.02199074074074074
0 0.5896822916666667 0.6588518518518518 0.0205078125 0.030671296296296297
0 0.6678072916666667 0.6947361111111111 0.015299479166666666 0.028356481481481483
0 0.5395520833333334 0.6498842592592593 0.013997395833333334 0.023148148148148147
0 0.79375 0.6574074074074074 0.0125 0.018518518518518517
0 0.7615885416666667 0.6787037037037037 0.009635416666666667 0.016666666666666666
0 0.7002604166666667 0.6930555555555555 0.009895833333333333 0.019444444444444445