1 0.5006510416666666 0.375 0.9986979166666666 0.75
0 0.19303385416666666 0.5454305555555556 0.018880208333333332 0.03298611111111111
0 0.21549479166666666 0.44010648148148146 0.032552083333333336 0.07002314814814815
0 0.2503255208333333 0.4991342592592593 0.011067708333333334 0.01678240740740741
0 0.2610677083333333 0.5107083333333334 0.0078125 0.028356481481481483
0 0.2771822916666667 0.5257546296296297 0.012044270833333334 0.02025462962962963
0 0.3649088541666667 0.5923055555555556 0.013671875 0.02488425925925926
0 0.9445 0.7262731481481481 0.013997395833333334 0.03125
0 0.8118489583333334 0.6443888888888889 0.013020833333333334 0.022569444444444444
0 0.7915052083333334 0.6553842592592594 0.0126953125 0.023726851851851853
0 0.7600911458333334 0.6785324074074075 0.012369791666666666 0.014467592592592593
0 0.66796875 0.6901064814814816 0.014322916666666666 0.030671296296296297
0 0.5888671875 0.6620370370370371 0.013671875 0.027777777777777776
0 0.5400390625 0.6455416666666666 0.014973958333333334 0.026041666666666668