0 0.9315807291666667 0.7817731481481482 0.006888020833333333 0.01595833333333333
0 0.8621979166666667 0.7311203703703704 0.0034453125 0.00799537037037037
0 0.7900833333333334 0.6946111111111111 0.004651041666666666 0.012435185185185185
0 0.7598776041666666 0.6708055555555555 0.004174479166666667 0.007050925925925926
0 0.7431770833333334 0.664125 0.004174479166666667 0.009277777777777777
0 0.6621354166666666 0.6170324074074074 0.006403645833333333 0.009916666666666667
0 0.6265494791666666 0.6061944444444445 0.006093749999999999 0.006976851851851852
0 0.604703125 0.6010555555555556 0.01797395833333333 0.012486111111111111
0 0.54325 0.530625 0.008002604166666667 0.011046296296296295
0 0.5233828125 0.5157824074074073 0.0053750000000000004 0.008972222222222222
0 0.5134010416666667 0.5082731481481481 0.006471354166666667 0.006046296296296296
0 0.4671796875 0.4553425925925926 0.011783854166666666 0.01449537037037037
0 0.45577343750000004 0.4381712962962963 0.006783854166666667 0.016444444444444446
0 0.4523125 0.4630138888888889 0.014934895833333333 0.04859722222222222
0 0.4644739583333333 0.500712962962963 0.0040416666666666665 0.005361111111111111
0 0.42501041666666667 0.5080185185185185 0.0037682291666666667 0.006578703703703704
0 0.9801640625 0.414625 0.00659375 0.02605092592592593
1 0.5 0.3999537037037037 1 0.7999074074074074