0 0.1532890625 0.447087962962963 0.013903645833333334 0.01174074074074074
0 0.09836979166666666 0.4526481481481482 0.012513020833333333 0.016685185185185185
0 0.07306510416666666 0.4459074074074074 0.005427083333333333 0.008537037037037037
0 0.15907291666666667 0.4661342592592593 0.005846354166666666 0.01262037037037037
0 0.3591666666666667 0.5058425925925926 0.007307291666666666 0.009648148148148149
0 0.41521875 0.512337962962963 0.014611979166666667 0.019671296296296298
0 0.5397760416666666 0.46033333333333337 0.005830729166666667 0.011814814814814814
0 0.5163828125000001 0.48395833333333327 0.007052083333333333 0.011814814814814814
0 0.5912369791666666 0.4468333333333333 0.0065078125 0.008439814814814815
0 0.6506328124999999 0.3952407407407407 0.011390625 0.018564814814814815
1 0.49223958333333334 0.3093240740740741 0.9844791666666667 0.6186481481481482