1 0.5 0.5 1 1
0 0.8209635416666666 0.7581018518518519 0.020833333333333332 0.020833333333333332
0 0.7740885416666666 0.7375601851851853 0.014322916666666666 0.023726851851851853
0 0.6297213541666667 0.5630787037037037 0.021158854166666668 0.03125
0 0.5035807291666666 0.41753703703703704 0.036458333333333336 0.057291666666666664
0 0.4614270833333334 0.4152222222222222 0.037434895833333336 0.0630787037037037
0 0.4085286458333333 0.4710648148148148 0.030598958333333332 0.04861111111111111
0 0.4217135416666667 0.5193888888888889 0.0244140625 0.03414351851851852
0 0.4348958333333333 0.5515046296296297 0.018229166666666668 0.024305555555555556
0 0.4544270833333333 0.5743657407407408 0.01171875 0.023726851851851853
0 0.4907239583333334 0.509550925925926 0.037434895833333336 0.07696759259259259
0 0.60075 0.5491898148148148 0.0302734375 0.047453703703703706