1 0.5 0.41203703703703703 1 0.8240740740740741
0 0.9692708333333333 0.7944444444444444 0.017708333333333333 0.024074074074074074
0 0.93984375 0.8069444444444445 0.0109375 0.021296296296296296
0 0.9255208333333333 0.8041666666666667 0.014583333333333334 0.025
0 0.86953125 0.799074074074074 0.016145833333333335 0.027777777777777776
0 0.8174479166666667 0.7722222222222223 0.016145833333333335 0.018518518518518517
0 0.7799479166666666 0.762962962962963 0.013020833333333334 0.025925925925925925
0 0.765625 0.7296296296296296 0.013541666666666667 0.016666666666666666
0 0.7309895833333333 0.7226851851851852 0.011979166666666667 0.026851851851851852
0 0.6274192708333334 0.6772499999999999 0.012276041666666666 0.019842592592592592
0 0.5524557291666666 0.6455046296296296 0.025296875 0.015875
0 0.45665885416666663 0.5558842592592593 0.009299479166666668 0.01785648148148148
0 0.4263385416666667 0.5016527777777777 0.013393229166666666 0.031083333333333334