1 0.5 0.3773148148148148 1 0.7484583333333333
0 0.2158203125 0.4369212962962963 0.037109375 0.06828703703703703
0 0.19368489583333334 0.5422453703703703 0.018880208333333332 0.03587962962962963
0 0.2662760416666667 0.5052083333333334 0.041666666666666664 0.04976851851851852
0 0.946875 0.7291666666666666 0.016666666666666666 0.017592592592592594
0 0.7921875 0.6537037037037037 0.0125 0.024074074074074074
0 0.7588541666666667 0.6763888888888889 0.0125 0.019444444444444445
0 0.7018229166666666 0.6865740740740741 0.011979166666666667 0.017592592592592594
0 0.5395833333333333 0.6435185185185185 0.014583333333333334 0.020370370370370372
0 0.7192708333333333 0.687037037037037 0.010416666666666666 0.020370370370370372
0 0.3693567708333333 0.5852638888888889 0.021700520833333334 0.01929166666666667