1 0.5004348958333333 0.3888888888888889 0.9991328125 0.7777777777777778
0 0.45907812499999995 0.4609768518518519 0.03125 0.060847222222222226
0 0.46409895833333337 0.5049583333333334 0.0107890625 0.015212962962962963
0 0.5433411458333333 0.5327361111111111 0.0107890625 0.01653240740740741
0 0.5107890625 0.5099212962962963 0.014880208333333334 0.014550925925925925
0 0.5230651041666666 0.5195092592592593 0.0066953125 0.011245370370370369
0 0.603609375 0.6015231481481481 0.01971614583333333 0.01653240740740741
0 0.6248151041666666 0.6078055555555555 0.0078125 0.013226851851851852
0 0.41796875 0.4990092592592592 0.006325520833333333 0.012564814814814815
0 0.4241067708333333 0.5112453703703703 0.0066953125 0.009259259259259259
0 0.7888776041666666 0.6944444444444444 0.008557291666666666 0.014550925925925925
0 0.7587421875 0.6736111111111112 0.0078125 0.012564814814814815
0 0.7425598958333333 0.6669953703703704 0.008184895833333334 0.011245370370370369
0 0.6594114583333333 0.6173935185185185 0.0078125 0.011245370370370369
0 0.8608619791666666 0.734125 0.009671875 0.015875
0 0.9326640625 0.7863749999999999 0.011903645833333334 0.018518518518518517