1 0.5 0.28703703703703703 1 0.5740740740740741
0 0.18528645833333332 0.3787037037037037 0.012239583333333333 0.022222222222222223
0 0.19635416666666666 0.26828703703703705 0.010416666666666666 0.01990740740740741
0 0.25169270833333335 0.3488425925925926 0.013802083333333333 0.02546296296296296
0 0.272265625 0.3650462962962963 0.008072916666666667 0.01712962962962963
0 0.35911458333333335 0.4305555555555556 0.010416666666666666 0.016666666666666666
0 0.49322916666666666 0.46111111111111114 0.0067708333333333336 0.012962962962962963
0 0.505078125 0.46944444444444444 0.012239583333333333 0.016666666666666666
0 0.6610677083333333 0.5243055555555556 0.01484375 0.022685185185185187
0 0.5337239583333333 0.4791666666666667 0.00703125 0.016666666666666666
0 0.7877604166666666 0.4882592592592593 0.010044270833333334 0.018847222222222224
0 0.7566953125 0.5094259259259258 0.009671875 0.013560185185185186
0 0.6947552083333334 0.5241388888888889 0.006325520833333333 0.011245370370370369
0 0.7260052083333334 0.5099212962962963 0.0078125 0.013226851851851852
0 0.63290625 0.5193472222222222 0.0087421875 0.014217592592592592
0 0.5852864583333334 0.4808194444444444 0.009859375 0.011902777777777778