1 0.5 0.4089490740740741 1 0.8179027777777778
0 0.42916666666666664 0.48703703703703705 0.019791666666666666 0.046296296296296294
0 0.45859375 0.5458333333333333 0.0140625 0.023148148148148147
0 0.48489583333333336 0.5708333333333333 0.0125 0.021296296296296296
0 0.5526041666666667 0.6356481481481482 0.03125 0.023148148148148147
0 0.6296875 0.6657407407407407 0.01875 0.018518518518518517
0 0.7322916666666667 0.7157407407407408 0.01875 0.037037037037037035
0 0.78203125 0.7527777777777778 0.016145833333333335 0.02962962962962963
0 0.92578125 0.7947546296296296 0.015625 0.026236111111111113
0 0.9416223958333333 0.8005416666666667 0.009981770833333332 0.023921296296296298
0 0.9680989583333334 0.7870370370370371 0.017794270833333334 0.026236111111111113