1 0.5 0.5 1 1
0 0.6319010416666667 0.5634259259259259 0.02421875 0.03425925925925926
0 0.5109375 0.42939814814814814 0.03125 0.04953703703703704
0 0.4610677083333333 0.4127314814814815 0.032552083333333336 0.06620370370370371
0 0.4075520833333333 0.4740740740740741 0.022395833333333334 0.04814814814814815
0 0.435546875 0.5451388888888888 0.04921875 0.08472222222222223
0 0.598828125 0.5460648148148148 0.03203125 0.04027777777777778
0 0.49375 0.5254629629629629 0.040625 0.10277777777777777
0 0.56640625 0.5180555555555556 0.023958333333333335 0.03148148148148148
0 0.8217447916666667 0.7587962962962963 0.02265625 0.017592592592592594
0 0.7747395833333334 0.7363425925925926 0.018229166666666668 0.024537037037037038