1 0.5 0.39429166666666665 1 0.7885787037037036
0 0.4830729166666667 0.3537824074074074 0.028645833333333332 0.03009259259259259
0 0.4607213541666667 0.44560185185185186 0.034289062499999995 0.06558796296296296
0 0.4659296875 0.4915138888888889 0.0108515625 0.012347222222222223
0 0.5436197916666666 0.5219907407407407 0.009981770833333332 0.01929166666666667
0 0.5158411458333333 0.5019305555555555 0.029947916666666668 0.028550925925925928
0 0.42035677083333334 0.4826388888888889 0.009114583333333334 0.014662037037037038
0 0.42534635416666666 0.5007731481481482 0.0086796875 0.016976851851851854
0 0.6276041666666666 0.596837962962963 0.013888020833333332 0.016203703703703703
0 0.6052526041666667 0.590662037037037 0.01953125 0.020833333333333332
0 0.9348958333333334 0.7743055555555556 0.009549479166666668 0.016203703703703703
0 0.7907994791666667 0.6855694444444445 0.0086796875 0.01774537037037037
0 0.7428385416666666 0.6554768518518518 0.007377604166666666 0.01311574074074074
0 0.6612421875 0.6060972222222223 0.008247395833333334 0.01311574074074074
0 0.6846796875 0.6168981481481481 0.006510416666666667 0.011574074074074073