1 0.5003255208333334 0.4988425925925926 0.9954427083333334 0.9976851851851852
0 0.22005208333333334 0.8217592592592593 0.037760416666666664 0.05324074074074074
0 0.2807630208333334 0.7980324074074074 0.027669270833333332 0.04513888888888889
0 0.30778125 0.8188657407407407 0.013997395833333334 0.02662037037037037
0 0.8484375 0.9819444444444444 0.008333333333333333 0.017592592592592594
0 0.8569010416666667 0.9722222222222222 0.00859375 0.020370370370370372
0 0.4016927083333333 0.899537037037037 0.01796875 0.026851851851851852
0 0.535046875 0.9375 0.008463541666666666 0.020060185185185184
0 0.5509973958333333 0.9444444444444444 0.009549479166666668 0.018518518518518517
0 0.5784505208333334 0.9573703703703704 0.007596354166666667 0.01658796296296296
0 0.5890833333333333 0.9743425925925926 0.0106328125 0.017361111111111112