1 0.5 0.4837962962962963 1 0.9675925925925926
0 0.4234375 0.6425925925925926 0.015625 0.04259259259259259
0 0.5497395833333333 0.7856481481481481 0.030729166666666665 0.021296296296296296
0 0.7359375 0.8699074074074075 0.0125 0.030555555555555555
0 0.7854166666666667 0.9087962962962963 0.01875 0.025
0 0.88359375 0.9375 0.015104166666666667 0.028703703703703703
0 0.77421875 0.8740740740740741 0.0140625 0.016666666666666666
0 0.6303932291666666 0.8201064814814815 0.010044270833333334 0.017194444444444446
0 0.9830729166666666 0.9411388888888889 0.012276041666666666 0.023810185185185184
0 0.9534973958333333 0.9474212962962963 0.015625 0.028439814814814814
0 0.9386171875 0.9460972222222221 0.007440104166666667 0.01785648148148148