1 0.5620651041666667 0.31095833333333334 0.8758671875 0.621912037037037
0 0.53828125 0.5078703703703704 0.0109375 0.023148148148148147
0 0.5666666666666667 0.5560185185185185 0.010416666666666666 0.017592592592592594
0 0.5994791666666667 0.5643518518518519 0.007291666666666667 0.013888888888888888
0 0.6408854166666667 0.562037037037037 0.015104166666666667 0.025925925925925925
0 0.78125 0.5998657407407407 0.014880208333333334 0.017194444444444446
0 0.9202005208333334 0.6094583333333333 0.008557291666666666 0.013888888888888888
0 0.9936744791666666 0.5568796296296296 0.007440104166666667 0.015875
0 0.9521953125 0.5747361111111111 0.007067708333333334 0.013226851851851852
0 0.9430807291666666 0.5767175925925926 0.007440104166666667 0.010583333333333333
0 0.8134296875 0.5988749999999999 0.0078125 0.009921296296296296