1 0.5 0.39814814814814814 1 0.7932083333333333
0 0.5115026041666667 0.5127314814814815 0.026476562500000002 0.02700462962962963
0 0.5412317708333333 0.5347222222222222 0.013020833333333334 0.020060185185185184
0 0.4581171875 0.4710648148148148 0.034289062499999995 0.08564814814814815
0 0.4192708333333333 0.5015416666666667 0.0078125 0.010800925925925926
0 0.42339322916666666 0.5138888888888888 0.009114583333333334 0.013888888888888888
0 0.6030807291666667 0.6041666666666666 0.025606770833333334 0.021606481481481483
0 0.6258671875 0.6130416666666667 0.0086796875 0.016203703703703703
0 0.7888463541666667 0.6963750000000001 0.008247395833333334 0.014662037037037038
0 0.7578125 0.6751527777777777 0.0078125 0.013888888888888888
0 0.6618932291666667 0.6215277777777778 0.009549479166666668 0.01774537037037037
0 0.7415364583333334 0.6685972222222223 0.009114583333333334 0.014662037037037038
0 0.8629088541666667 0.7357824074074074 0.010044270833333334 0.01785648148148148