1 0.5006510416666666 0.40914351851851855 0.9986979166666666 0.8182870370370371
0 0.5217005208333333 0.5086805555555556 0.030382812500000002 0.028162037037037038
0 0.7497838541666667 0.6587592592592593 0.014322916666666666 0.030476851851851852
0 0.7981770833333334 0.6989074074074074 0.008557291666666666 0.014217592592592592
0 0.8444947916666667 0.7159398148148148 0.0089296875 0.01785648148148148
0 0.6026796875 0.5916018518518518 0.0126484375 0.02050462962962963
0 0.6261171875 0.6064814814814815 0.011903645833333334 0.011902777777777778
0 0.4692161458333333 0.44907407407407407 0.02176302083333333 0.03836111111111111
0 0.45135677083333337 0.43650925925925926 0.0165546875 0.06481481481481481
0 0.4623333333333333 0.4877638888888889 0.020648437500000002 0.03373148148148148
0 0.41575520833333335 0.475 0.00703125 0.021296296296296296
0 0.4267578125 0.49710648148148145 0.007682291666666666 0.014583333333333334