0 0.47205882352941175 0.13789682539682538 0.03823529411764706 0.04563492063492063
0 0.38676470588235295 0.2113095238095238 0.10588235294117647 0.05357142857142857
0 0.44705882352941173 0.45138888888888884 0.052941176470588235 0.10912698412698413
0 0.4970588235294118 0.39186507936507936 0.047058823529411764 0.06547619047619047
0 0.37426470588235294 0.47916666666666663 0.045588235294117645 0.09325396825396826
0 0.30661764705882355 0.5912698412698413 0.09852941176470588 0.1349206349206349
0 0.2389705882352941 0.4712301587301587 0.09558823529411764 0.1369047619047619
0 0.1338235294117647 0.623015873015873 0.11176470588235293 0.1865079365079365
0 0.19191176470588234 0.798611111111111 0.04264705882352941 0.06547619047619047
0 0.03676470588235294 0.8472222222222222 0.061764705882352944 0.2698412698412698
