0 0.13555555555555557 0.584717607973422 0.20444444444444446 0.16279069767441862
0 0.3244444444444444 0.5257475083056479 0.12 0.1079734219269103
0 0.3427777777777778 0.739202657807309 0.09 0.09634551495016612
0 0.43166666666666664 0.8089700996677741 0.04777777777777778 0.06312292358803986
0 0.535 0.7458471760797343 0.04111111111111111 0.07973421926910298
0 0.6233333333333333 0.6677740863787376 0.09555555555555556 0.11960132890365449
0 0.7427777777777778 0.6345514950166113 0.07 0.03986710963455149
0 0.8405555555555555 0.6229235880398671 0.034444444444444444 0.053156146179401995
1 0.6005555555555555 0.30980066445182725 0.20333333333333334 0.4568106312292359
1 0.24833333333333332 0.4684385382059801 0.09888888888888889 0.3222591362126246
1 0.4161111111111111 0.462624584717608 0.09888888888888889 0.24750830564784054
