0 0.20555555555555555 0.2007936507936508 0.13555555555555557 0.1380952380952381
0 0.32 0.19682539682539682 0.09111111111111111 0.05714285714285714
0 0.3011111111111111 0.11587301587301588 0.044444444444444446 0.05396825396825397
0 0.40055555555555555 0.18968253968253967 0.07666666666666666 0.06507936507936508
0 0.4955555555555556 0.18888888888888888 0.04666666666666667 0.050793650793650794
0 0.43833333333333335 0.28015873015873016 0.11222222222222222 0.05238095238095238
0 0.6438888888888888 0.34285714285714286 0.15 0.12063492063492064
0 0.6933333333333334 0.4579365079365079 0.08 0.06825396825396825
0 0.8061111111111111 0.4650793650793651 0.11 0.10476190476190476
0 0.7533333333333333 0.5428571428571428 0.04666666666666667 0.044444444444444446
0 0.8311111111111111 0.5769841269841269 0.07111111111111111 0.09365079365079365
0 0.9272222222222222 0.4722222222222222 0.043333333333333335 0.06825396825396825
0 0.9066666666666666 0.7468253968253968 0.06222222222222222 0.15714285714285714
0 0.6655555555555556 0.5920634920634921 0.06666666666666667 0.07936507936507936
0 0.66 0.6777777777777778 0.06888888888888889 0.09523809523809523
0 0.6783333333333333 0.7404761904761905 0.04555555555555556 0.04285714285714286
0 0.525 0.7452380952380953 0.06111111111111111 0.0746031746031746
0 0.5055555555555555 0.4865079365079365 0.17555555555555555 0.12222222222222222
0 0.23166666666666666 0.526984126984127 0.0811111111111111 0.0761904761904762
0 0.07055555555555555 0.5714285714285714 0.06777777777777778 0.09523809523809523
0 0.15777777777777777 0.7388888888888889 0.07555555555555556 0.07777777777777778
0 0.44555555555555554 0.8714285714285714 0.04666666666666667 0.044444444444444446
0 0.40944444444444444 0.957936507936508 0.03 0.026984126984126985
1 0.7577777777777778 0.15 0.41333333333333333 0.22063492063492063
1 0.8677777777777778 0.33650793650793653 0.2222222222222222 0.12380952380952381
1 0.5755555555555556 0.9214285714285714 0.14888888888888888 0.10317460317460317
1 0.31444444444444447 0.39444444444444443 0.13111111111111112 0.14761904761904762
1 0.3461111111111111 0.2865079365079365 0.07 0.06507936507936508
1 0.43333333333333335 0.09365079365079365 0.10444444444444445 0.12698412698412698
1 0.13 0.0746031746031746 0.1288888888888889 0.07936507936507936
1 0.29833333333333334 0.6730158730158731 0.11222222222222222 0.13333333333333333
1 0.14722222222222223 0.5738095238095238 0.05444444444444444 0.173015873015873
