0 0.014166666666666668 0.37553191489361704 0.021666666666666667 0.04468085106382979
0 0.12166666666666667 0.3648936170212766 0.023333333333333334 0.023404255319148935
0 0.1691666666666667 0.37340425531914895 0.035 0.027659574468085108
0 0.21916666666666668 0.3702127659574468 0.028333333333333335 0.03404255319148936
0 0.26666666666666666 0.3638297872340426 0.02 0.03404255319148936
0 0.3241666666666667 0.3670212765957447 0.03833333333333334 0.03617021276595745
0 0.3775 0.37127659574468086 0.025 0.04893617021276596
0 0.4266666666666667 0.36914893617021277 0.02666666666666667 0.04893617021276596
0 0.5016666666666667 0.3638297872340426 0.05666666666666667 0.05106382978723405
0 0.5541666666666667 0.3617021276595745 0.035 0.0425531914893617
0 0.6166666666666667 0.36808510638297876 0.043333333333333335 0.05106382978723405
0 0.6816666666666668 0.3702127659574468 0.03333333333333333 0.03404255319148936
0 0.7391666666666667 0.37127659574468086 0.03166666666666667 0.04042553191489362
0 0.7941666666666667 0.36808510638297876 0.035 0.059574468085106386
0 0.8591666666666667 0.37127659574468086 0.04833333333333334 0.0574468085106383
0 0.9141666666666667 0.37659574468085105 0.025 0.03404255319148936
0 0.9766666666666667 0.37659574468085105 0.02666666666666667 0.0425531914893617
0 0.8716666666666667 0.4925531914893617 0.08666666666666667 0.0574468085106383
0 0.4766666666666667 0.5468085106382978 0.11666666666666667 0.10638297872340426
0 0.17 0.5 0.18000000000000002 0.1574468085106383
1 0.8041666666666667 0.20851063829787234 0.14833333333333334 0.17446808510638298
