0 0.155 0.6630434782608695 0.074 0.09006211180124223
0 0.24 0.6754658385093167 0.052000000000000005 0.046583850931677016
0 0.393 0.6770186335403726 0.078 0.05590062111801242
0 0.486 0.7080745341614907 0.064 0.06832298136645962
0 0.556 0.7204968944099378 0.04 0.06211180124223602
0 0.611 0.7158385093167702 0.034 0.046583850931677016
0 0.562 0.6599378881987578 0.048 0.03416149068322981
0 0.6940000000000001 0.7142857142857142 0.1 0.09316770186335403
0 0.753 0.5698757763975155 0.054 0.05900621118012422
1 0.191 0.48757763975155277 0.146 0.11801242236024843
1 0.643 0.5031055900621118 0.13 0.22981366459627328
