0 0.0398936170212766 0.56544901065449 0.02872340425531915 0.0684931506849315
0 0.1196808510638298 0.5357686453576864 0.047872340425531915 0.0578386605783866
0 0.06542553191489361 0.726027397260274 0.043617021276595745 0.076103500761035
0 0.14627659574468085 0.7245053272450532 0.09893617021276596 0.1004566210045662
0 0.2771276595744681 0.6613394216133942 0.035106382978723406 0.0532724505327245
0 0.32765957446808514 0.7290715372907153 0.06595744680851064 0.0639269406392694
0 0.4797872340425532 0.656773211567732 0.1595744680851064 0.1537290715372907
0 0.675 0.669710806697108 0.08404255319148936 0.1004566210045662
0 0.777127659574468 0.6491628614916286 0.09042553191489362 0.0898021308980213
1 0.6835106382978724 0.2899543378995434 0.46063829787234045 0.5372907153729072
