0 0.1 0.41353383458646614 0.18 0.15037593984962405
0 0.26875 0.40037593984962405 0.11750000000000001 0.07894736842105263
0 0.4325 0.39473684210526316 0.095 0.06766917293233082
0 0.52375 0.35526315789473684 0.0725 0.13157894736842105
0 0.60875 0.40037593984962405 0.0525 0.07894736842105263
0 0.6725 0.39473684210526316 0.075 0.08270676691729323
0 0.7525000000000001 0.40977443609022557 0.085 0.07518796992481203
0 0.8275 0.42669172932330823 0.065 0.06390977443609022
0 0.89 0.41917293233082703 0.04 0.06390977443609022
0 0.19375 0.6616541353383458 0.2525 0.3308270676691729
1 0.47500000000000003 0.19548872180451127 0.115 0.17293233082706766
1 0.64125 0.24436090225563908 0.1275 0.20300751879699247
1 0.7675000000000001 0.3120300751879699 0.075 0.11278195488721804
