0 0.06517857142857143 0.5268096514745308 0.13035714285714287 0.1260053619302949
0 0.3705357142857143 0.6179624664879356 0.3732142857142857 0.17962466487935658
0 0.7508928571428571 0.6796246648793566 0.35178571428571426 0.17962466487935658
0 0.9580357142857142 0.7131367292225201 0.055357142857142855 0.06970509383378017
0 0.7607142857142857 0.46514745308310995 0.05357142857142857 0.040214477211796246
0 0.8339285714285714 0.46782841823056304 0.04642857142857143 0.029490616621983913
0 0.48482142857142857 0.46246648793565687 0.08035714285714285 0.05630026809651475
0 0.20892857142857144 0.4436997319034853 0.02857142857142857 0.02412868632707775
0 0.26160714285714287 0.4343163538873995 0.01607142857142857 0.0160857908847185
1 0.6553571428571429 0.46514745308310995 0.12857142857142856 0.11528150134048258
1 0.22767857142857142 0.23726541554959785 0.40535714285714286 0.30831099195710454
1 0.039285714285714285 0.39544235924932974 0.07142857142857142 0.07238605898123325
