0 0.0121875 0.34833333333333333 0.021875000000000002 0.07500000000000001
0 0.0821875 0.2791666666666667 0.099375 0.19
0 0.22125 0.32375000000000004 0.1275 0.20083333333333334
0 0.2059375 0.47750000000000004 0.090625 0.055
0 0.3640625 0.5391666666666667 0.195625 0.17500000000000002
0 0.6265625 0.6175 0.230625 0.21500000000000002
0 0.8653125 0.47958333333333336 0.246875 0.3591666666666667
0 0.4771875 0.41500000000000004 0.29812500000000003 0.12333333333333334
0 0.535625 0.47750000000000004 0.05375 0.035
0 0.325 0.29791666666666666 0.07375 0.08750000000000001
0 0.5690625 0.25875000000000004 0.203125 0.14750000000000002
1 0.1075 0.10625000000000001 0.14250000000000002 0.18583333333333335
1 0.54625 0.14416666666666667 0.10375000000000001 0.12333333333333334
