0 0.17555555555555555 0.06352459016393443 0.035555555555555556 0.05327868852459017
0 0.23722222222222222 0.12192622950819673 0.025555555555555557 0.059426229508196725
0 0.2733333333333333 0.1762295081967213 0.028888888888888888 0.04098360655737705
0 0.3022222222222222 0.20081967213114754 0.017777777777777778 0.02459016393442623
0 0.3472222222222222 0.2602459016393443 0.05 0.09016393442622951
0 0.39666666666666667 0.3104508196721312 0.015555555555555555 0.03073770491803279
0 0.42333333333333334 0.32479508196721313 0.024444444444444446 0.03073770491803279
0 0.4533333333333333 0.3698770491803279 0.02 0.0430327868852459
0 0.4866666666666667 0.40368852459016397 0.026666666666666665 0.04918032786885246
0 0.5033333333333333 0.45901639344262296 0.02 0.045081967213114756
0 0.5255555555555556 0.5584016393442623 0.03777777777777778 0.13319672131147542
0 0.47333333333333333 0.6229508196721312 0.05555555555555555 0.03278688524590164
0 0.3466666666666667 0.6209016393442623 0.07333333333333333 0.04098360655737705
0 0.40055555555555555 0.6547131147540984 0.04111111111111111 0.0430327868852459
0 0.6105555555555555 0.6905737704918034 0.058888888888888886 0.04098360655737705
0 0.68 0.7264344262295083 0.02 0.022540983606557378
