0 0.0967741935483871 0.6195286195286195 0.03655913978494624 0.09764309764309764
0 0.1596774193548387 0.6902356902356902 0.024731182795698924 0.03367003367003367
0 0.22903225806451613 0.6557239057239057 0.05161290322580645 0.04208754208754208
0 0.2994623655913978 0.7028619528619529 0.024731182795698924 0.03198653198653199
0 0.37311827956989246 0.6986531986531986 0.05591397849462366 0.08417508417508417
0 0.5182795698924731 0.6902356902356902 0.14838709677419354 0.06397306397306397
0 0.6688172043010753 0.6936026936026936 0.10967741935483871 0.09427609427609428
0 0.7698924731182796 0.67003367003367 0.02795698924731183 0.04713804713804714
0 0.8172043010752689 0.6835016835016835 0.012903225806451613 0.03367003367003367
1 0.1521505376344086 0.47558922558922556 0.13655913978494624 0.21717171717171715
1 0.3456989247311828 0.42676767676767674 0.23978494623655913 0.4124579124579124
1 0.6526881720430108 0.36952861952861954 0.35698924731182796 0.5202020202020202
1 0.8376344086021505 0.5824915824915825 0.1913978494623656 0.2121212121212121
