0 0.10505252626313155 0.8425998433829287 0.17408704352176088 0.16758026624902114
0 0.13156578289144572 0.6714956930305404 0.056028014007003496 0.04463586530931871
0 0.2793896948474237 0.7999216914643696 0.1185592796398199 0.1793265465935787
0 0.3731865932966483 0.7627251370399374 0.04102051025512756 0.056382145653876274
0 0.481240620310155 0.5747846515270164 0.27513756878439216 0.33202819107282694
0 0.5420210105052526 0.7588097102584181 0.03351675837918959 0.03288958496476116
0 0.528264132066033 0.37862176977290524 0.03401700850425212 0.0696945967110415
0 0.5920460230115057 0.3472983555207518 0.0465232616308154 0.06186374314800313
0 0.7663831915957978 0.6158966327329679 0.06803401700850424 0.06656225528582616
0 0.8321660830415207 0.6272513703993735 0.022511255627813906 0.031323414252153486
0 0.8851925962981491 0.6237274862960063 0.027513756878439218 0.052466718872357085
0 0.7178589294647323 0.7807361002349256 0.07403701850925462 0.07047768206734534
0 0.9139569784892445 0.7247454972592012 0.1700850425212606 0.0947533281127643
0 0.9157078539269634 0.8825371965544244 0.04152076038019009 0.07047768206734534
1 0.6530765382691345 0.08927173061863743 0.2816408204102051 0.1456538762725137
1 0.8959479739869934 0.13194988253719656 0.1860930465232616 0.10101801096319499
1 0.4932466233116558 0.34925606891151134 0.07003501750875438 0.19107282693813626
