0 0.1185897435897436 0.2871287128712871 0.14316239316239318 0.10297029702970298
0 0.2884615384615385 0.19900990099009902 0.11965811965811968 0.16831683168316833
0 0.6378205128205129 0.26831683168316833 0.24145299145299148 0.12871287128712872
0 0.9198717948717949 0.3099009900990099 0.11752136752136753 0.100990099009901
0 0.3023504273504274 0.7425742574257426 0.08333333333333334 0.07920792079207921
0 0.5502136752136753 0.7366336633663366 0.05341880341880342 0.047524752475247525
0 0.6527777777777778 0.7762376237623763 0.06623931623931624 0.055445544554455446
1 0.07905982905982907 0.12673267326732673 0.15384615384615385 0.24554455445544554
1 0.33119658119658124 0.07722772277227723 0.1623931623931624 0.1425742574257426
1 0.7403846153846154 0.11089108910891089 0.38675213675213677 0.21386138613861386
1 0.7767094017094018 0.6772277227722773 0.3696581196581197 0.38811881188118813
