0 0.085 0.12824675324675325 0.106 0.07467532467532469
0 0.20600000000000002 0.14935064935064937 0.08 0.08441558441558442
0 0.311 0.20941558441558442 0.10200000000000001 0.08766233766233766
0 0.40900000000000003 0.21915584415584416 0.058 0.048701298701298704
0 0.51 0.1931818181818182 0.12 0.11363636363636365
0 0.717 0.24025974025974028 0.062 0.07792207792207792
0 0.482 0.5633116883116883 0.136 0.2564935064935065
0 0.373 0.6623376623376623 0.042 0.05194805194805195
0 0.306 0.7272727272727273 0.06 0.12337662337662339
1 0.40700000000000003 0.4074675324675325 0.082 0.24350649350649353
