0 0.181640625 0.5481770833333333 0.20703125 0.0625
0 0.41796875 0.4778645833333333 0.251953125 0.20833333333333331
0 0.59521484375 0.4524739583333333 0.1005859375 0.08203125
0 0.02392578125 0.5110677083333333 0.0458984375 0.16015625
0 0.0634765625 0.5970052083333333 0.017578125 0.07942708333333333
0 0.06201171875 0.712890625 0.1044921875 0.20963541666666666
1 0.1298828125 0.3489583333333333 0.224609375 0.2265625
1 0.3173828125 0.236328125 0.146484375 0.19921875
1 0.5947265625 0.18489583333333331 0.140625 0.203125
0 0.1923828125 0.623046875 0.02734375 0.07682291666666666
0 0.28076171875 0.623046875 0.0224609375 0.05078125
0 0.3359375 0.611328125 0.0234375 0.029947916666666664
