0 0.14886363636363636 0.3595679012345679 0.08409090909090909 0.09567901234567901
0 0.31136363636363634 0.3873456790123457 0.06818181818181818 0.046296296296296294
0 0.4113636363636363 0.38271604938271603 0.06363636363636363 0.043209876543209874
0 0.23977272727272725 0.32253086419753085 0.020454545454545454 0.021604938271604937
0 0.5363636363636364 0.43981481481481477 0.049999999999999996 0.046296296296296294
0 0.6647727272727273 0.4228395061728395 0.075 0.06172839506172839
0 0.18295454545454545 0.7407407407407407 0.04772727272727272 0.1111111111111111
0 0.26477272727272727 0.7638888888888888 0.09772727272727272 0.09567901234567901
0 0.36136363636363633 0.8209876543209876 0.09999999999999999 0.11728395061728394
0 0.6454545454545454 0.728395061728395 0.06818181818181818 0.12962962962962962
0 0.7988636363636363 0.7546296296296295 0.17954545454545454 0.15123456790123457
0 0.9363636363636363 0.7916666666666666 0.07727272727272727 0.08950617283950617
1 0.3136363636363636 0.16049382716049382 0.3409090909090909 0.31481481481481477
1 0.7397727272727272 0.19598765432098764 0.46136363636363636 0.3672839506172839
1 0.7863636363636364 0.5864197530864197 0.1318181818181818 0.12345679012345678
1 0.8829545454545454 0.566358024691358 0.056818181818181816 0.10185185185185185
1 0.9272727272727272 0.720679012345679 0.04090909090909091 0.040123456790123455
1 0.5897727272727272 0.5864197530864197 0.12954545454545455 0.14814814814814814
1 0.15795454545454546 0.6450617283950617 0.06136363636363636 0.12345679012345678
1 0.28068181818181814 0.6527777777777778 0.09772727272727272 0.06481481481481481
1 0.3579545454545454 0.7469135802469136 0.06136363636363636 0.030864197530864196
1 0.03295454545454545 0.6095679012345678 0.05227272727272727 0.16975308641975306
