1 0.20538281249999998 0.19347222222222224 0.41076562499999997 0.3869305555555555
1 0.691296875 0.15783333333333333 0.1705859375 0.31566666666666665
0 0.6767421875 0.33343055555555556 0.035812500000000004 0.055874999999999994
0 0.143890625 0.23975000000000002 0.056898437499999996 0.03905555555555556
0 0.41197656250000003 0.3365416666666667 0.0467890625 0.06483333333333333
0 0.7543515625 0.2748472222222222 0.0381171875 0.05384722222222223
0 0.420640625 0.1285138888888889 0.0161796875 0.024958333333333332
0 0.723625 0.22840277777777776 0.018882812500000002 0.020569444444444446
1 0.011671875 0.15376388888888887 0.0233515625 0.059625
0 0.3823046875 0.17768055555555556 0.0254140625 0.030166666666666665
0 0.6354921874999999 0.005 0.049171875 0.009569444444444445