1 0.5277421875 0.24400000000000002 0.0948203125 0.21343055555555554
0 0.8370390625 0.7065555555555556 0.0272578125 0.035625
0 0.4863984375 0.2760138888888889 0.03259375 0.07704166666666666
0 0.09371874999999999 0.3462361111111111 0.030859375 0.034180555555555554
0 0.42750781250000003 0.3729027777777778 0.0173828125 0.04123611111111111
0 0.176390625 0.4430972222222222 0.019609375000000002 0.03048611111111111
0 0.091796875 0.4563333333333333 0.019523437499999997 0.027138888888888886
0 0.2010234375 0.3191527777777778 0.017218749999999998 0.02373611111111111
0 0.1709921875 0.3125972222222222 0.009585937499999999 0.013708333333333333
0 0.12356249999999999 0.2934027777777778 0.008078125 0.015041666666666667
1 0.1440078125 0.41836111111111113 0.0817734375 0.1355
1 0.10546875 0.19808333333333333 0.2109375 0.2612361111111111
1 0.93359375 0.7084305555555556 0.1328125 0.2177777777777778