1 0.68484375 0.1932638888888889 0.0827109375 0.10479166666666667
0 0.4590546875 0.2944861111111111 0.026210937499999996 0.052972222222222226
0 0.5204296875 0.191 0.01603125 0.03995833333333333
0 0.0521015625 0.1983888888888889 0.0239140625 0.05006944444444444
0 0.25965625000000003 0.35106944444444443 0.030171874999999997 0.043222222222222224
0 0.43902343750000006 0.1868611111111111 0.015187500000000001 0.042944444444444445
0 0.41247656250000003 0.1628888888888889 0.0161875 0.035333333333333335
0 0.0475546875 0.4962222222222222 0.0403125 0.044583333333333336
1 0.05390625 0.42845833333333333 0.084890625 0.10605555555555556
1 0.041015625 0.6450138888888889 0.08203125 0.1279861111111111
0 0.6586640625 0.4969166666666666 0.0368359375 0.07098611111111111
1 0.2729609375 0.21595833333333334 0.07978125 0.19770833333333332
0 0.11996875 0.11538888888888889 0.030898437499999997 0.056263888888888884
1 0.487390625 0.17980555555555558 0.09717187499999999 0.17741666666666667