0 0.6196171875 0.029236111111111112 0.022109375 0.03268055555555556
1 0.388890625 0.19404166666666667 0.033625 0.09897222222222223
0 0.060109375 0.9809583333333333 0.0230625 0.03806944444444445
1 0.099859375 0.9190972222222222 0.047445312499999996 0.10347222222222222
0 0.6359921875000001 0.15194444444444447 0.0176015625 0.028791666666666667
0 0.5712421875 0.17480555555555555 0.01128125 0.020819444444444446
1 0.657203125 0.15309722222222222 0.0424921875 0.08056944444444444
0 0.761734375 0.6012916666666667 0.03284375 0.05523611111111112
0 0.73371875 0.7759444444444443 0.025570312499999998 0.03261111111111111
0 0.33465625 0.15395833333333334 0.0109296875 0.021541666666666667
0 0.737703125 0.812236111111111 0.0173515625 0.024611111111111108
0 0.12455468750000001 0.8787916666666666 0.01828125 0.035388888888888886