0 0.8212265625 0.5043888888888889 0.05271875 0.07783333333333334
1 0.8883359375 0.78625 0.20859375 0.324125
0 0.126296875 0.7907361111111112 0.0533125 0.07461111111111111
0 0.5090625 0.9753194444444445 0.04403125 0.048833333333333326
1 0.280828125 0.3808888888888889 0.09080468750000001 0.29938888888888887
0 0.7910781250000001 0.7965138888888889 0.059 0.09872222222222223
0 0.3494921875 0.34834722222222225 0.03403125 0.04745833333333334
1 0.051531249999999994 0.876625 0.10306249999999999 0.24673611111111113
0 0.7500234375 0.28011111111111114 0.024421875000000003 0.028555555555555553
1 0.703484375 0.2750694444444445 0.060609375 0.1072638888888889
1 0.795625 0.30519444444444443 0.0678046875 0.22758333333333336
1 0.82640625 0.9824722222222222 0.043937500000000004 0.035055555555555555