0 0.1706015625 0.11951388888888889 0.0099765625 0.015430555555555555
0 0.3522578125 0.5265972222222222 0.024390625 0.026583333333333334
0 0.40383593749999996 0.1093888888888889 0.0076171875 0.022444444444444444
0 0.2544609375 0.16156944444444443 0.0098359375 0.017611111111111112
0 0.2277265625 0.09773611111111112 0.010171875 0.011944444444444443
0 0.205078125 0.09525 0.007546875 0.009513888888888888
0 0.2094375 0.17370833333333333 0.0082109375 0.009986111111111112
0 0.3673828125 0.12379166666666666 0.00690625 0.013527777777777777
0 0.389421875 0.07679166666666666 0.0138671875 0.02048611111111111
0 0.4726640625 0.18604166666666666 0.009882812500000001 0.022361111111111113
0 0.46465625 0.23025 0.010265625 0.01913888888888889
0 0.7754375 0.4327916666666667 0.0633671875 0.06033333333333333
0 0.76709375 0.9648194444444443 0.0685625 0.07037500000000001
0 0.48584375 0.4288194444444444 0.028976562500000004 0.04606944444444445
0 0.239640625 0.4370833333333333 0.0082265625 0.011013888888888889
0 0.1375625 0.3950277777777778 0.006125 0.021069444444444443
0 0.101703125 0.432125 0.01534375 0.030194444444444444
1 0.56940625 0.38188888888888883 0.169515625 0.3750972222222222
1 0.370234375 0.47615277777777776 0.058484375 0.15880555555555556
1 0.8976953125 0.907875 0.2046015625 0.18425
1 0.1567109375 0.05648611111111111 0.05325 0.11295833333333333
1 0.214890625 0.04776388888888889 0.055632812499999997 0.08226388888888889
1 0.2506640625 0.12983333333333333 0.025765624999999997 0.04402777777777778
1 0.389015625 0.036972222222222226 0.01784375 0.04538888888888889
1 0.234734375 0.4158333333333333 0.025320312499999997 0.05722222222222222
1 0.1318125 0.3859444444444444 0.019703125 0.050333333333333334