1 0.7908203125 0.22468055555555558 0.2972890625 0.2765416666666667
0 0.23628906249999998 0.25387499999999996 0.040781250000000005 0.056
0 0.6193906250000001 0.3669444444444444 0.046078125 0.07351388888888889
1 0.3300546875 0.18258333333333335 0.2468671875 0.19461111111111112
0 0.455765625 0.044055555555555556 0.041859375 0.05466666666666667
1 0.2024453125 0.37323611111111116 0.0633984375 0.11983333333333333
0 0.17340625 0.45734722222222224 0.03621875 0.06456944444444444
0 0.8619609374999999 0.37194444444444447 0.03640625 0.04006944444444445
0 0.8434765625 0.6621250000000001 0.0321875 0.03175
0 0.0687734375 0.059555555555555556 0.0148046875 0.030194444444444444
0 0.03275 0.008680555555555556 0.010671875 0.017361111111111112