1 0.071 0.12243055555555557 0.142 0.24486111111111114
0 0.3428125 0.4326805555555555 0.06639843749999999 0.125875
0 0.6619375 0.4323333333333333 0.038875 0.04786111111111111
0 0.1389140625 0.28011111111111114 0.0379765625 0.06845833333333333
0 0.506 0.05265277777777777 0.0179296875 0.025791666666666668
1 0.265671875 0.33987500000000004 0.066078125 0.11604166666666667
0 0.57484375 0.3653888888888889 0.0187421875 0.02723611111111111
0 0.176984375 0.14590277777777777 0.0266484375 0.03383333333333333
1 0.5744296875 0.26979166666666665 0.08985937499999999 0.13441666666666666
1 0.337671875 0.2756111111111111 0.03740625 0.058319444444444445
0 0.9480000000000001 0.023791666666666666 0.021406249999999998 0.036555555555555556
1 0.24255468750000003 0.3322777777777778 0.0196015625 0.03151388888888889
1 0.515140625 0.30669444444444444 0.22057812499999999 0.37754166666666666
0 0.286546875 0.3734166666666667 0.029593750000000002 0.04702777777777778
0 0.16116406249999998 0.1324861111111111 0.059429687499999995 0.06069444444444445
0 0.3048046875 0.025611111111111112 0.047617187500000005 0.051222222222222225