1 0.7482656249999999 0.21906944444444443 0.2583359375 0.2852777777777778
1 0.31936718750000004 0.14929166666666666 0.20315625 0.24194444444444443
1 0.2200234375 0.38640277777777776 0.1248359375 0.1125138888888889
0 0.45385156249999997 0.042291666666666665 0.0358203125 0.05269444444444444
0 0.232703125 0.2572222222222222 0.029796875 0.050291666666666665
0 0.6183125 0.3687638888888889 0.039015625 0.07229166666666666
0 0.8575234375 0.3701805555555555 0.0316484375 0.035152777777777776
0 0.17821875 0.45711111111111113 0.037093749999999995 0.05141666666666667
0 0.07165625 0.06176388888888889 0.015265625 0.02876388888888889
0 0.0305 0.007013888888888889 0.014171875 0.01363888888888889
1 0.9231640625 0.29273611111111114 0.0816171875 0.1943888888888889
0 0.8516796875000001 0.660625 0.0223359375 0.027291666666666665
0 0.8366718750000001 0.6647361111111111 0.01821875 0.01948611111111111
1 0.5031015625 0.0155 0.08937500000000001 0.03098611111111111