1 0.8033828125 0.8739444444444444 0.14078125 0.252125
0 0.035421875000000005 0.09400000000000001 0.041046875 0.086375
1 0.6889375 0.7470277777777778 0.07160156250000001 0.09381944444444444
0 0.0531015625 0.41780555555555554 0.081265625 0.170625
0 0.72309375 0.17094444444444445 0.0320546875 0.044833333333333336
0 0.23077343749999998 0.1858611111111111 0.064703125 0.09713888888888889
0 0.058328124999999995 0.9315694444444444 0.0546484375 0.11909722222222222
1 0.7812812499999999 0.6673333333333333 0.094125 0.16095833333333334
0 0.4620078125 0.05258333333333333 0.0461484375 0.058652777777777776
1 0.11340625 0.043305555555555555 0.1532109375 0.08661111111111111
1 0.33308593750000004 0.8627777777777779 0.0915546875 0.26725
1 0.5402265625 0.5439861111111112 0.07525 0.129625
1 0.5838593750000001 0.7612222222222222 0.0479296875 0.09652777777777778
1 0.1836640625 0.5778611111111112 0.100953125 0.19937500000000002
0 0.056640625 0.7906527777777778 0.059187500000000004 0.0751388888888889
1 0.0123671875 0.28706944444444443 0.024742187500000002 0.1619861111111111
1 0.6820468749999999 0.09452777777777778 0.06038281250000001 0.1257638888888889