1 0.82465625 0.6409722222222223 0.33199999999999996 0.6156388888888888
1 0.513953125 0.7210833333333333 0.10983593750000001 0.3300138888888889
0 0.6409296875 0.5407777777777778 0.041984375000000004 0.0644861111111111
1 0.168734375 0.39840277777777783 0.038984375 0.10386111111111111
1 0.31037499999999996 0.4366388888888889 0.0360078125 0.12486111111111112
0 0.14350000000000002 0.44304166666666667 0.0207890625 0.03895833333333333
0 0.4666796875 0.6545833333333333 0.030421874999999998 0.05909722222222222
0 0.612890625 0.1602361111111111 0.02265625 0.03601388888888889
0 0.618234375 0.07527777777777778 0.0203203125 0.030000000000000002
0 0.3101640625 0.44443055555555555 0.020296875 0.02779166666666667
0 0.1840390625 0.3720833333333333 0.0086953125 0.015097222222222222