0 0.917796875 0.23229166666666667 0.03903125 0.050375
0 0.33615625 0.5873333333333334 0.0782578125 0.16243055555555555
0 0.5944375 0.24133333333333332 0.038203125 0.06429166666666666
1 0.6070234375 0.17502777777777778 0.0536328125 0.07718055555555556
1 0.430359375 0.20966666666666667 0.049148437499999996 0.16402777777777777
1 0.9646874999999999 0.019875 0.07062500000000001 0.03975
1 0.9319296874999999 0.15191666666666667 0.0508203125 0.11401388888888889
1 0.3636640625 0.4362222222222222 0.0839609375 0.17515277777777777
1 0.41410156249999996 0.9866805555555556 0.041859375 0.02663888888888889
1 0.65028125 0.05419444444444445 0.1490390625 0.10840277777777778
1 0.266953125 0.7623333333333333 0.1048359375 0.1844027777777778
1 0.205046875 0.9394027777777778 0.059335937500000005 0.12119444444444445