0 0.389296875 0.32108333333333333 0.032265625 0.034319444444444444
0 0.49506249999999996 0.19041666666666665 0.025492187500000003 0.021930555555555554
0 0.34809375 0.161875 0.018664062500000002 0.04779166666666666
0 0.24742187499999999 0.2341805555555556 0.0325 0.035111111111111114
0 0.26675 0.17602777777777778 0.0094765625 0.022930555555555558
0 0.24228125 0.16669444444444445 0.013492187499999999 0.02077777777777778
0 0.013671875 0.27875 0.02734375 0.05708333333333333
1 0.2597890625 0.1373888888888889 0.058640625 0.13145833333333334
1 0.3975546875 0.213875 0.038875 0.16254166666666667
1 0.4982421875 0.1415 0.0230390625 0.07115277777777777
1 0.020023437499999998 0.2194583333333333 0.0400390625 0.06802777777777777