1 0.5302265625 0.14251388888888888 0.2043828125 0.28502777777777777
1 0.369671875 0.2883611111111111 0.1409921875 0.2131111111111111
0 0.8435390625 0.66925 0.0738359375 0.10533333333333333
0 0.44223437499999996 0.11593055555555555 0.0445546875 0.05268055555555556
0 0.763140625 0.03438888888888889 0.045765625 0.06736111111111111
1 0.1177734375 0.20025 0.052023437500000005 0.10644444444444444
0 0.12052343750000001 0.20868055555555556 0.0113359375 0.02213888888888889
1 0.9315546875 0.7550416666666666 0.133984375 0.42719444444444443
0 0.31277343750000003 0.28794444444444445 0.0321484375 0.05320833333333334
1 0.8207109375 0.03976388888888889 0.065 0.07836111111111112
1 0.9603515625 0.023680555555555555 0.0792890625 0.04734722222222223