1 0.909640625 0.8865277777777777 0.10608593749999999 0.1627222222222222
0 0.729671875 0.2120138888888889 0.030359375 0.037069444444444447
0 0.24118750000000003 0.9815555555555556 0.04046875 0.03690277777777778
0 0.15299218750000002 0.5781944444444445 0.046609374999999995 0.08631944444444445
1 0.07861718749999999 0.28294444444444444 0.15724218750000002 0.565875
1 0.14813281250000002 0.7994722222222223 0.2067890625 0.19856944444444444
0 0.162828125 0.9241527777777777 0.044125 0.05445833333333334
0 0.294640625 0.9710694444444444 0.045 0.057875
0 0.25129687500000003 0.2624166666666667 0.080734375 0.09554166666666668
1 0.659734375 0.7001805555555556 0.0512421875 0.08554166666666667
1 0.8761484375 0.8085833333333332 0.247703125 0.3828333333333333
1 0.7023359375 0.13993055555555556 0.0640703125 0.0905138888888889
0 0.46316406250000003 0.09895833333333333 0.0450234375 0.0659861111111111
0 0.40660937500000005 0.03819444444444445 0.1126953125 0.0763888888888889