1 0.022234375 0.7105138888888889 0.04378125 0.25727777777777777
0 0.1843984375 0.14856944444444445 0.021921875 0.04001388888888889
1 0.11474999999999999 0.921875 0.2294921875 0.15625
0 0.8435 0.081375 0.033710937499999996 0.03863888888888889
0 0.4745390625 0.08245833333333333 0.0138125 0.01563888888888889
0 0.43637499999999996 0.20838888888888887 0.0100625 0.020722222222222222
0 0.413078125 0.21029166666666665 0.023453125 0.030805555555555555
0 0.369359375 0.08494444444444443 0.01128125 0.014152777777777776
0 0.3629921875 0.06769444444444445 0.0251796875 0.015361111111111112
0 0.2455546875 0.1882083333333333 0.0328203125 0.035486111111111114
0 0.25096875 0.11625 0.022625 0.025722222222222223
0 0.098546875 0.10222222222222221 0.0228828125 0.03120833333333333
1 0.17809375 0.04509722222222222 0.1315625 0.08795833333333333
1 0.40885156250000004 0.1327638888888889 0.046421875 0.09923611111111111