0 0.70440625 0.3415694444444445 0.0297421875 0.040902777777777774
1 0.23914062500000002 0.8789027777777777 0.057882812500000005 0.19227777777777777
0 0.68184375 0.49734722222222216 0.025570312499999998 0.04504166666666667
1 0.34528125 0.05266666666666667 0.032882812500000004 0.09613888888888888
0 0.0573359375 0.7746805555555555 0.0212109375 0.04015277777777778
0 0.1161875 0.6696111111111112 0.029898437500000003 0.08525
1 0.08940624999999999 0.7235138888888888 0.047117187500000005 0.126375
0 0.2642109375 0.8107222222222222 0.0183828125 0.034152777777777775
0 0.5199140625 0.021430555555555557 0.0096953125 0.01863888888888889
0 0.58121875 0.005458333333333333 0.01846875 0.010916666666666667
0 0.3469765625 0.04559722222222222 0.018109375 0.025875
0 0.2872109375 0.035041666666666665 0.017093749999999998 0.021180555555555557