1 0.6249140625 0.47697222222222224 0.22282031249999998 0.4002777777777778
0 0.5331406249999999 0.48711111111111116 0.025828125 0.03954166666666666
1 0.4086171875 0.5310138888888889 0.0627109375 0.13754166666666667
0 0.8455703124999999 0.5114027777777778 0.0578125 0.06061111111111111
1 0.2280703125 0.11634722222222221 0.03465625 0.07423611111111111
0 0.5170859375 0.27669444444444447 0.010234375 0.021527777777777778
1 0.18215625 0.4077222222222222 0.013343749999999998 0.04091666666666667
1 0.31456249999999997 0.17833333333333334 0.0172421875 0.03666666666666667
0 0.395046875 0.56625 0.024515625 0.036041666666666666
0 0.46271874999999996 0.1604861111111111 0.0120625 0.019305555555555555
0 0.447484375 0.12373611111111112 0.015187500000000001 0.033791666666666664
0 0.42339843750000006 0.1688472222222222 0.00671875 0.01647222222222222
0 0.3118515625 0.20452777777777775 0.0110625 0.011083333333333334
0 0.2899375 0.14165277777777777 0.011921875 0.01877777777777778
0 0.26985156250000003 0.137625 0.0071640625 0.012930555555555556
0 0.272390625 0.2098888888888889 0.004046875 0.010777777777777777
0 0.28483593749999997 0.46997222222222224 0.0065078125 0.011444444444444445
0 0.1536953125 0.46558333333333335 0.007062499999999999 0.013277777777777779
0 0.1889453125 0.42123611111111114 0.006875000000000001 0.01863888888888889
0 0.5281640624999999 0.235125 0.0075 0.01584722222222222
1 0.281296875 0.10912499999999999 0.052640624999999996 0.05605555555555555
1 0.2846953125 0.4413888888888889 0.024359375 0.044319444444444446
1 0.9534218750000001 0.5454305555555555 0.056046874999999996 0.11052777777777778