0 0.2346171875 0.4862222222222222 0.12260156250000001 0.21008333333333332
0 0.696328125 0.7467777777777778 0.07663281250000001 0.11955555555555555
0 0.1498984375 0.23033333333333333 0.0433046875 0.07295833333333333
0 0.60253125 0.5320138888888889 0.03534375 0.05359722222222223
0 0.193140625 0.32706944444444447 0.0214453125 0.035430555555555555
1 0.069484375 0.09955555555555556 0.13896875 0.19381944444444446
0 0.2790625 0.08568055555555555 0.0411640625 0.07122222222222223
0 0.6811015625 0.050291666666666665 0.0270078125 0.037736111111111116
0 0.710640625 0.557513888888889 0.02359375 0.035347222222222224
0 0.48525 0.015527777777777777 0.016390625 0.02188888888888889
1 0.6195468749999999 0.6346527777777777 0.0689140625 0.11794444444444445
1 0.56753125 0.39145833333333335 0.30865624999999997 0.5886944444444444
1 0.1700859375 0.33272222222222225 0.025773437500000003 0.04569444444444444
1 0.32684375 0.17504166666666668 0.143234375 0.1812777777777778
1 0.1200859375 0.31656944444444446 0.038593749999999996 0.10745833333333334
1 0.6002109375 0.01661111111111111 0.17481249999999998 0.03322222222222222
1 0.0671953125 0.2732777777777778 0.0330234375 0.05263888888888889