1 0.319421875 0.7666527777777777 0.1281875 0.45266666666666666
1 0.7839453125 0.618638888888889 0.397109375 0.7361388888888889
1 0.025484374999999997 0.45079166666666665 0.0509765625 0.09719444444444444
0 0.3391328125 0.7953749999999999 0.060171875 0.11116666666666668
0 0.4628828125 0.05138888888888889 0.017390625 0.034472222222222224
0 0.2103203125 0.09145833333333332 0.014609374999999999 0.025236111111111112
1 0.260328125 0.030888888888888886 0.0497734375 0.06176388888888889
0 0.189734375 0.5495833333333333 0.0129140625 0.024902777777777777
1 0.2827890625 0.10943055555555556 0.024406249999999997 0.058708333333333335
0 0.0552890625 0.4616805555555556 0.02046875 0.021763888888888888
0 0.482515625 0.0917361111111111 0.01240625 0.028555555555555553
1 0.7020546875 0.10544444444444445 0.11668750000000001 0.13816666666666666
0 0.288578125 0.14491666666666667 0.0107109375 0.01647222222222222
0 0.43121875000000004 0.10208333333333333 0.00953125 0.022736111111111113
0 0.5773671874999999 0.6285416666666667 0.06346874999999999 0.08406944444444445
0 0.2544296875 0.06445833333333333 0.009484375 0.016
0 0.5732109375000001 0.19866666666666666 0.0210859375 0.030680555555555555
0 0.5553125 0.26490277777777776 0.0149921875 0.025986111111111113
0 0.23693749999999997 0.15419444444444444 0.013023437500000002 0.019430555555555555
0 0.276328125 0.06819444444444445 0.012234375 0.019194444444444445
1 0.4328046875 0.07054166666666667 0.012125 0.03911111111111111
1 0.1755703125 0.040388888888888884 0.076671875 0.08077777777777777
1 0.48046875 0.03952777777777778 0.0431953125 0.07905555555555556
0 0.209140625 0.04756944444444444 0.0084296875 0.009569444444444445