1 0.31536718750000003 0.17340277777777777 0.212625 0.18645833333333334
1 0.794546875 0.2117361111111111 0.302734375 0.32375
0 0.45228124999999997 0.04055555555555555 0.033171875 0.052861111111111116
0 0.23726562499999998 0.2559722222222222 0.0413125 0.052555555555555564
0 0.8583671875000001 0.3708472222222222 0.0313203125 0.036694444444444446
0 0.618765625 0.3643472222222222 0.039859375 0.07844444444444444
0 0.84621875 0.6626805555555555 0.0348515625 0.03311111111111111
1 0.20242187500000003 0.3862222222222222 0.097265625 0.10991666666666666
0 0.0691875 0.05461111111111111 0.0151328125 0.04111111111111111
0 0.1743359375 0.4470833333333333 0.032070312499999996 0.07723611111111112
0 0.0339921875 0.0068472222222222216 0.0199296875 0.01325
1 0.5051796875 0.028375 0.10246875 0.05675