0 0.75828125 0.7894722222222221 0.09037500000000001 0.15690277777777778
0 0.1103203125 0.190375 0.04821875 0.09608333333333334
1 0.3276015625 0.16356944444444443 0.067078125 0.22244444444444444
1 0.650578125 0.43704166666666666 0.255109375 0.6206666666666667
1 0.06494531249999999 0.18906944444444443 0.1298125 0.378125
0 0.699390625 0.016930555555555556 0.03303125 0.03384722222222222
0 0.1957421875 0.4947916666666667 0.16278125000000002 0.2678888888888889
0 0.62265625 0.5292083333333333 0.0411484375 0.06379166666666666
0 0.7522734375 0.5678472222222223 0.020171875 0.03652777777777778
0 0.2721328125 0.06808333333333334 0.0290703125 0.03976388888888889
1 0.25232031250000003 0.028708333333333336 0.04015625 0.057402777777777775
0 0.0715234375 0.016055555555555556 0.0215390625 0.030847222222222224
1 0.41174999999999995 0.3300138888888889 0.0630859375 0.12855555555555556