0 0.400390625 0.3137361111111111 0.035671875 0.03920833333333333
0 0.5499375 0.21705555555555556 0.036328125 0.05293055555555556
0 0.919109375 0.2511805555555556 0.0600859375 0.08283333333333333
0 0.9346328125 0.9430555555555555 0.1307265625 0.11388888888888889
0 0.26109375 0.2025 0.0090546875 0.019069444444444444
0 0.14385937499999998 0.14547222222222222 0.010195312500000001 0.016458333333333332
0 0.107671875 0.2029305555555556 0.0121171875 0.021111111111111112
1 0.133578125 0.1304861111111111 0.025546875000000004 0.059402777777777784
1 0.257375 0.17575000000000002 0.025875 0.05405555555555556
1 0.4312890625 0.29097222222222224 0.0948671875 0.167125
1 0.7260703125 0.24511111111111109 0.3865234375 0.49023611111111115