0 0.590015625 0.7068611111111112 0.041625 0.056902777777777774
1 0.5391328125 0.5263333333333333 0.16603125000000002 0.27811111111111114
0 0.288328125 0.4218194444444444 0.0273359375 0.04973611111111111
0 0.10205468749999999 0.27061111111111114 0.018953125 0.03940277777777778
0 0.197125 0.23863888888888887 0.026718750000000003 0.05141666666666667
0 0.0104140625 0.26431944444444444 0.020023437499999998 0.043000000000000003
1 0.27604687499999997 0.2497083333333333 0.1535703125 0.2825416666666667
0 0.3606875 0.5704444444444445 0.062484375 0.12013888888888889
0 0.3556328125 0.31233333333333335 0.0275078125 0.04870833333333333
0 0.6344218749999999 0.30050000000000004 0.024906249999999998 0.04530555555555555
0 0.4948125 0.23040277777777776 0.020796875 0.035486111111111114
1 0.4485625 0.1485 0.090875 0.12477777777777778
0 0.6124609375000001 0.6218333333333333 0.01675 0.023