1 0.5098515625 0.38980555555555557 0.3890703125 0.5602083333333334
0 0.4776640625 0.020902777777777777 0.0384140625 0.041791666666666664
0 0.260453125 0.5020555555555556 0.10014062500000001 0.1584722222222222
0 0.6770078125000001 0.7200138888888888 0.0706953125 0.1072638888888889
0 0.166828125 0.24054166666666665 0.042976562499999996 0.07977777777777778
0 0.22385937500000003 0.3808888888888889 0.0472890625 0.04845833333333333
0 0.2892265625 0.10125 0.033828125 0.07363888888888889
0 0.675828125 0.06995833333333333 0.0331796875 0.03959722222222222
0 0.584359375 0.5132083333333333 0.047546875 0.08023611111111112
0 0.6941171875000001 0.5533333333333333 0.0236875 0.039125
1 0.64165625 0.027041666666666665 0.055398437499999995 0.05379166666666666
1 0.0946171875 0.11506944444444443 0.1678359375 0.2301527777777778
1 0.1233359375 0.32530555555555557 0.0287578125 0.04240277777777778
1 0.6461015625 0.5959305555555555 0.0572734375 0.14805555555555555
1 0.174578125 0.3458611111111111 0.0494140625 0.13641666666666666
1 0.2437109375 0.04088888888888889 0.0816875 0.08177777777777778