0 0.8433046875000001 0.6601666666666667 0.05207031250000001 0.08804166666666667
0 0.5020546875 0.8736388888888889 0.058453124999999995 0.09640277777777777
0 0.3047578125 0.21640277777777778 0.04996875 0.05426388888888889
0 0.7283828125 0.20440277777777777 0.0175390625 0.025472222222222222
0 0.853265625 0.34915277777777776 0.0579453125 0.09618055555555556
0 0.020835937500000002 0.6548611111111111 0.0416640625 0.082875
0 0.7625390624999999 0.16901388888888888 0.0224765625 0.03698611111111111
0 0.6868359374999999 0.18622222222222223 0.0221640625 0.034972222222222224
1 0.70159375 0.11731944444444445 0.0568359375 0.12815277777777778
1 0.448234375 0.9282361111111112 0.149078125 0.14351388888888889
1 0.914203125 0.6330555555555556 0.1716015625 0.3645