0 0.49889062500000003 0.9624166666666667 0.057874999999999996 0.07115277777777777
1 0.89359375 0.7951944444444444 0.21103906249999999 0.40961111111111115
0 0.7897890624999999 0.7577638888888889 0.0537890625 0.09443055555555555
0 0.077078125 0.7764305555555555 0.065109375 0.08887500000000001
0 0.3199609375 0.32590277777777776 0.04790625 0.05070833333333333
0 0.8141093749999999 0.45002777777777775 0.049625 0.07234722222222223
0 0.7372734375000001 0.2415972222222222 0.022609375 0.03308333333333333
0 0.7111562499999999 0.2844027777777778 0.017078125 0.030708333333333334
1 0.6810859375 0.235625 0.0371640625 0.07913888888888888
0 0.6665703125 0.27025 0.0103828125 0.018569444444444444
1 0.025390625 0.8294444444444445 0.05078125 0.10498611111111111