0 0.3627109375 0.6925416666666666 0.097046875 0.16980555555555557
0 0.8148828124999999 0.8035416666666666 0.0511796875 0.08458333333333333
1 0.0759140625 0.1838888888888889 0.151828125 0.3677916666666667
0 0.1442109375 0.39362500000000006 0.0406171875 0.07719444444444444
0 0.604359375 0.07877777777777778 0.026953125 0.036166666666666666
1 0.5886953125 0.49818055555555557 0.3896875 0.5501944444444444
0 0.682625 0.6340138888888889 0.028140625000000002 0.04838888888888889
0 0.218703125 0.17623611111111112 0.0332421875 0.051861111111111115
0 0.3691484375 0.02315277777777778 0.0533671875 0.04629166666666666
1 0.217484375 0.552125 0.19523437500000002 0.17352777777777778
1 0.192046875 0.13833333333333334 0.0481953125 0.06129166666666667