1 0.82409375 0.7520277777777779 0.3361484375 0.4959444444444444
1 0.4666171875 0.8625416666666667 0.10672656250000001 0.2748611111111111
1 0.2731328125 0.48933333333333334 0.045328125000000004 0.1537361111111111
0 0.65065625 0.6692222222222222 0.0648671875 0.09844444444444443
0 0.16107812500000002 0.363125 0.015796875 0.028652777777777777
0 0.64909375 0.18443055555555554 0.0235 0.02801388888888889
0 0.6631484375000001 0.07173611111111111 0.022546875 0.03193055555555555
1 0.1383515625 0.3825694444444444 0.0425234375 0.09445833333333334
0 0.28996093749999996 0.46116666666666667 0.012507812500000002 0.022263888888888892
0 0.11278906250000001 0.4401111111111111 0.0151328125 0.043194444444444445
0 0.44178125 0.7508333333333334 0.038546875 0.042972222222222224