1 0.091046875 0.7565416666666667 0.0625859375 0.14550000000000002
0 0.6956328125 0.5302638888888889 0.023078124999999998 0.038
0 0.7200859375 0.375875 0.0275546875 0.04663888888888889
1 0.35709375 0.0625 0.033210937499999996 0.10172222222222221
1 0.249859375 0.8737777777777778 0.050992187499999994 0.17463888888888887
0 0.064703125 0.7788194444444444 0.024179687499999998 0.036625000000000005
0 0.2713671875 0.8246388888888889 0.0103671875 0.02334722222222222
0 0.3028984375 0.03994444444444445 0.015859375000000002 0.02526388888888889
0 0.36378125 0.05444444444444445 0.015742187499999998 0.026041666666666668
0 0.537703125 0.034527777777777775 0.0095546875 0.022222222222222223
0 0.600234375 0.01338888888888889 0.015195312499999999 0.026791666666666665
1 0.35675 0.059333333333333335 0.031578125 0.09288888888888888