0 0.872296875 0.4308333333333333 0.0719609375 0.09309722222222222
0 0.9372343750000001 0.9790555555555555 0.061289062500000005 0.04190277777777778
0 0.2361875 0.6780972222222222 0.0434921875 0.06751388888888889
1 0.15235156249999998 0.8195138888888889 0.1379375 0.3380694444444444
1 0.2978125 0.09165277777777778 0.1495546875 0.18331944444444445
0 0.378359375 0.04865277777777778 0.0290546875 0.05266666666666667
0 0.1661640625 0.506875 0.028023437499999998 0.04694444444444444
0 0.24309375000000003 0.06519444444444444 0.034578125 0.05102777777777778
1 0.10621875 0.534625 0.10006250000000001 0.12479166666666666
1 0.949640625 0.4373194444444444 0.1007109375 0.34765277777777776
1 0.9774296874999999 0.791625 0.0451484375 0.11719444444444443