1 0.0943671875 0.7567083333333334 0.1880703125 0.4865833333333333
1 0.2253828125 0.09781944444444446 0.16304687499999998 0.195625
0 0.7932109374999999 0.3395972222222222 0.0623046875 0.10447222222222222
0 0.10750781250000001 0.5305 0.04209375 0.050597222222222224
0 0.31025 0.050055555555555555 0.03325 0.04898611111111111
0 0.8873046875 0.8552777777777777 0.0695703125 0.07786111111111112
0 0.1678515625 0.08052777777777777 0.042625 0.06713888888888889
0 0.6669140625 0.9583194444444445 0.0374765625 0.06391666666666668
0 0.20237500000000003 0.6841944444444444 0.039828125 0.05504166666666667
1 0.9127578125 0.3871388888888889 0.17447656250000002 0.3298333333333333
1 0.9574296875 0.13216666666666665 0.0763203125 0.10602777777777778
1 0.9498671875 0.9120416666666666 0.10025781250000002 0.17593055555555556
1 0.6900546875 0.9745416666666666 0.033953125 0.050930555555555555