0 0.604859375 0.5905138888888889 0.0126015625 0.02408333333333333
0 0.6194609375 0.18861111111111112 0.011960937500000001 0.015486111111111112
0 0.635421875 0.08026388888888888 0.019546875 0.03159722222222222
0 0.1793203125 0.35725 0.016359375000000002 0.021611111111111112
0 0.1351953125 0.42656944444444445 0.018671874999999998 0.04963888888888889
0 0.4434609375 0.690125 0.043171875 0.10016666666666667
0 0.622234375 0.5878472222222222 0.050453125 0.07430555555555556
0 0.2992421875 0.44955555555555554 0.0121875 0.022194444444444444
1 0.16799999999999998 0.36374999999999996 0.01946875 0.07704166666666666
1 0.7411875 0.4327361111111111 0.071890625 0.147875
1 0.7966562500000001 0.7546250000000001 0.36153124999999997 0.4907361111111111
1 0.2887265625 0.45772222222222225 0.0540546875 0.11695833333333333
1 0.47446875000000005 0.7953749999999999 0.11299999999999999 0.345375