1 0.6909921875 0.3460416666666667 0.2514296875 0.41023611111111113
1 0.471703125 0.42077777777777775 0.09165625 0.24045833333333333
1 0.12355468750000001 0.19825 0.0411875 0.12141666666666667
0 0.5715546875 0.2642361111111111 0.04203125 0.07477777777777778
0 0.9297187499999999 0.31351388888888887 0.06303906249999999 0.06794444444444445
0 0.0988828125 0.26461111111111113 0.0205078125 0.03955555555555556
1 0.261265625 0.22804166666666667 0.039281250000000004 0.10277777777777777
1 0.9788593750000001 0.31780555555555556 0.0422890625 0.1951388888888889
0 0.4351953125 0.37849999999999995 0.052234375 0.10073611111111111
0 0.2650703125 0.24066666666666667 0.010828125 0.02026388888888889
0 0.9146015625 0.9914722222222222 0.053421874999999994 0.017055555555555553