0 0.613640625 0.5392777777777777 0.05541406250000001 0.08451388888888889
0 0.4388671875 0.6272638888888888 0.049609375 0.08984722222222222
0 0.303265625 0.40875 0.0084296875 0.017819444444444443
0 0.1847734375 0.32625 0.016625 0.018125000000000002
0 0.1378203125 0.3790555555555556 0.0200625 0.043819444444444446
0 0.611046875 0.1508611111111111 0.0245390625 0.027638888888888886
0 0.6252187499999999 0.06513888888888889 0.0205234375 0.02448611111111111
1 0.7916015625 0.6577361111111111 0.29972656249999996 0.6845277777777778
1 0.2935859375 0.41668055555555555 0.0356015625 0.10909722222222222
1 0.4592890625 0.6775555555555555 0.093796875 0.3551111111111111
1 0.1672890625 0.32931944444444444 0.0337265625 0.10308333333333333