0 0.1643515625 0.20154166666666667 0.024515625 0.050986111111111114
1 0.1824765625 0.12840277777777778 0.056109374999999996 0.1088888888888889
0 0.07746875 0.2575694444444444 0.017812500000000002 0.029375
0 0.45906250000000004 0.3583472222222222 0.012507812500000002 0.024902777777777777
0 0.0938515625 0.13919444444444445 0.0371953125 0.05618055555555556
0 0.541734375 0.5025416666666667 0.0347421875 0.029166666666666667
1 0.6124375 0.5018750000000001 0.088671875 0.058138888888888886
1 0.09196875 0.21740277777777778 0.048796875 0.06484722222222222
1 0.4963984375 0.3330694444444445 0.047843750000000004 0.07266666666666667
1 0.617421875 0.43169444444444444 0.030382812500000002 0.03313888888888889
1 0.1215078125 0.07527777777777778 0.0779765625 0.06645833333333334