1 0.34809375 0.4103055555555556 0.0528671875 0.16977777777777778
1 0.7026484375 0.1465972222222222 0.06674218750000001 0.141375
1 0.22259375 0.057555555555555554 0.0679765625 0.11511111111111111
0 0.6630078125 0.14765277777777777 0.028999999999999998 0.050666666666666665
0 0.692484375 0.3642638888888889 0.025750000000000002 0.04070833333333333
0 0.2870546875 0.3059305555555556 0.0188515625 0.025708333333333337
1 0.611140625 0.42972222222222217 0.0330078125 0.10918055555555556
1 0.723828125 0.3706388888888889 0.0495 0.1356527777777778
0 0.2574296875 0.01876388888888889 0.020453125 0.03751388888888889
0 0.3678203125 0.36722222222222217 0.015085937499999999 0.025861111111111112
0 0.6000625 0.41574999999999995 0.013875000000000002 0.02851388888888889