0 0.6193906250000001 0.20408333333333334 0.0208515625 0.01686111111111111
0 0.611765625 0.5894583333333334 0.04775 0.04465277777777778
0 0.44139062500000004 0.7031805555555556 0.0442421875 0.09848611111111111
0 0.132625 0.43527777777777776 0.0186015625 0.050736111111111114
0 0.17465625 0.36626388888888883 0.0165703125 0.02672222222222222
0 0.29965625 0.45790277777777777 0.0100625 0.017055555555555553
0 0.6283593749999999 0.10277777777777777 0.0184296875 0.029638888888888888
1 0.7131953125 0.4282916666666667 0.061812500000000006 0.11354166666666667
1 0.7610390625 0.7615694444444445 0.28900000000000003 0.4768472222222222
1 0.4520625 0.7902083333333334 0.10203906250000001 0.41958333333333336
1 0.2895234375 0.476625 0.05115625 0.1763888888888889
1 0.1644765625 0.3720833333333333 0.038234375 0.06601388888888889