0 0.445375 0.12590277777777778 0.0121015625 0.016541666666666666
0 0.3945078125 0.5638333333333333 0.0304375 0.050930555555555555
0 0.857109375 0.5126388888888889 0.0661640625 0.06265277777777778
0 0.28096875 0.46791666666666665 0.0088984375 0.012305555555555554
0 0.18260156249999998 0.4187916666666666 0.005625 0.014277777777777776
0 0.14747656250000002 0.46463888888888893 0.00609375 0.009625
0 0.234171875 0.15745833333333334 0.013953125 0.014708333333333334
0 0.2666015625 0.2048611111111111 0.0071640625 0.01620833333333333
0 0.31084375 0.19829166666666667 0.007484375 0.016374999999999997
0 0.460171875 0.15427777777777776 0.0109140625 0.02661111111111111
0 0.42163281250000006 0.16334722222222223 0.006734374999999999 0.014041666666666666
0 0.5187265625 0.2745833333333333 0.009421875 0.017513888888888888
0 0.5292109375 0.230375 0.0103359375 0.018875
0 0.287625 0.1391111111111111 0.0112109375 0.018083333333333333
0 0.267328125 0.13643055555555555 0.008046875 0.014180555555555557
0 0.5314062500000001 0.4816111111111111 0.026773437500000004 0.03863888888888889
1 0.226796875 0.11333333333333333 0.02859375 0.09
1 0.264859375 0.10658333333333332 0.014093749999999999 0.04054166666666667
1 0.28712499999999996 0.10070833333333334 0.026796874999999998 0.056
1 0.3104453125 0.17355555555555555 0.0186953125 0.04176388888888889
1 0.4529140625 0.0915 0.0297890625 0.05773611111111111
1 0.2780859375 0.4429861111111111 0.017781250000000002 0.03994444444444445
1 0.178125 0.4081388888888889 0.013546875 0.04775
1 0.41078125 0.5390138888888889 0.0861796875 0.16988888888888887
1 0.6553359375000001 0.48448611111111106 0.2700859375 0.43290277777777775