1 0.3977265625 0.48676388888888894 0.1437421875 0.1425
1 0.20804687500000002 0.4630972222222222 0.055625 0.20034722222222223
0 0.3266796875 0.5466666666666667 0.024640625 0.04775
0 0.1824375 0.6295000000000001 0.05103124999999999 0.08947222222222223
0 0.39465625000000004 0.1827361111111111 0.05515625 0.10106944444444443
1 0.364484375 0.6676944444444445 0.0571328125 0.11084722222222222
0 0.9431484375 0.014208333333333333 0.0372421875 0.028416666666666666
1 0.42917187500000004 0.06276388888888888 0.077625 0.1255138888888889
1 0.39903125 0.3719305555555556 0.0508046875 0.06456944444444444
0 0.34669531249999996 0.7100416666666667 0.02471875 0.034944444444444445
0 0.636515625 0.00586111111111111 0.0374921875 0.011180555555555556