1 0.8270781250000001 0.7622777777777778 0.3287421875 0.47544444444444445
1 0.46365625 0.8567777777777777 0.10725 0.28644444444444445
0 0.648890625 0.6615277777777778 0.05234375 0.06923611111111111
0 0.4421875 0.7864305555555556 0.0486484375 0.10268055555555557
1 0.12334375 0.3862083333333333 0.044578125 0.13695833333333332
0 0.14876562499999998 0.357875 0.0169921875 0.028680555555555553
0 0.6688828124999999 0.06354166666666666 0.024875 0.041
0 0.097515625 0.4340277777777778 0.019046874999999998 0.044833333333333336
1 0.264296875 0.49090277777777774 0.0525390625 0.17372222222222222
0 0.28445312500000003 0.4613055555555555 0.013007812499999999 0.02213888888888889
0 0.651046875 0.17124999999999999 0.0175234375 0.026208333333333333