0 0.96484375 0.45805555555555555 0.0703125 0.09269444444444444
0 0.5619921875 0.3713611111111111 0.0436328125 0.06483333333333333
0 0.400296875 0.4908194444444444 0.0442734375 0.05408333333333333
0 0.5369843750000001 0.05106944444444445 0.014812500000000001 0.026833333333333334
0 0.1292734375 0.2599583333333333 0.0093046875 0.013805555555555555
0 0.2534453125 0.3260972222222222 0.0109609375 0.014486111111111111
0 0.08549218750000001 0.31795833333333334 0.017640625 0.04068055555555555
1 0.1146484375 0.2628888888888889 0.0261640625 0.08529166666666667
1 0.24100000000000002 0.30125 0.026640625 0.08266666666666667
1 0.4222265625 0.4875833333333333 0.0821875 0.23706944444444444
1 0.7366875 0.45684722222222224 0.3093203125 0.7212222222222222