0 0.9632890625 0.4350416666666667 0.0734140625 0.08283333333333333
0 0.5577265625 0.346125 0.031859375 0.06327777777777778
0 0.5390625 0.04188888888888889 0.0178515625 0.035277777777777776
0 0.1310234375 0.2429861111111111 0.0113984375 0.012041666666666666
0 0.0915546875 0.31548611111111113 0.012203124999999999 0.017819444444444443
0 0.39996875 0.4687083333333334 0.0421171875 0.0525
0 0.2546875 0.3132638888888889 0.005140625 0.014333333333333333
1 0.737359375 0.39406944444444447 0.3285234375 0.5520138888888889
1 0.41811718750000004 0.46779166666666666 0.0789453125 0.22315277777777776
1 0.2473046875 0.2982361111111111 0.02659375 0.07018055555555555
1 0.1160078125 0.25555555555555554 0.033609375000000004 0.09604166666666668