0 0.6596328125 0.07972222222222222 0.057343750000000006 0.09669444444444444
0 0.496125 0.11645833333333333 0.0270859375 0.07023611111111111
0 0.590546875 0.020819444444444446 0.0368359375 0.041652777777777775
0 0.1160078125 0.2154722222222222 0.0283125 0.03915277777777778
1 0.5132109375 0.06748611111111112 0.053203125 0.13497222222222224
1 0.052953125000000004 0.11236111111111112 0.10590625000000001 0.21754166666666666
0 0.21764062499999998 0.050166666666666665 0.025656250000000002 0.033930555555555554
0 0.1937265625 0.04795833333333333 0.0161953125 0.019819444444444445
0 0.1515546875 0.028972222222222222 0.0119921875 0.020763888888888887
0 0.0948046875 0.08494444444444443 0.0304140625 0.03816666666666667
0 0.025390625 0.22711111111111112 0.05078125 0.02725
1 0.6859921875 0.03704166666666667 0.075109375 0.07406944444444444