1 0.2524375 0.16594444444444445 0.2274921875 0.3121111111111111
1 0.67378125 0.16215277777777778 0.12592187500000002 0.32431944444444444
1 0.065375 0.21858333333333332 0.13075781250000001 0.4267916666666667
0 0.6543281249999999 0.3254861111111111 0.03365625 0.056875
0 0.11892968749999999 0.241125 0.020703125 0.025319444444444447
0 0.9827578125 0.20904166666666665 0.0154296875 0.022527777777777775
0 0.349953125 0.1814027777777778 0.0171328125 0.02227777777777778
0 0.7260859375 0.2687222222222222 0.03228125 0.05747222222222222
0 0.3874765625 0.12681944444444446 0.016671875 0.029750000000000002
0 0.385859375 0.34149999999999997 0.033875 0.04958333333333334
0 0.6057109374999999 0.005361111111111111 0.056546874999999996 0.010444444444444444
0 0.6949140625 0.22591666666666665 0.0171796875 0.01852777777777778