1 0.384125 0.18016666666666667 0.0323046875 0.1280277777777778
0 0.7599453125 0.5752083333333333 0.031546875 0.051763888888888894
0 0.7293828125 0.7572222222222222 0.022234375 0.03905555555555556
0 0.060664062500000004 0.9572083333333334 0.0211953125 0.035472222222222224
1 0.6552578125 0.13130555555555556 0.03525 0.07170833333333333
0 0.6180625 0.018305555555555554 0.0179140625 0.029263888888888888
1 0.09671874999999999 0.9193333333333332 0.059351562499999996 0.15391666666666665
0 0.6371484374999999 0.1360138888888889 0.0175390625 0.02773611111111111
0 0.57125 0.163375 0.0108671875 0.017527777777777778
0 0.3345859375 0.14404166666666665 0.0088046875 0.017430555555555557
0 0.128140625 0.8361666666666666 0.02353125 0.05915277777777778
1 0.6383281249999999 0.020305555555555556 0.0306640625 0.040625
0 0.3952890625 0.16066666666666668 0.012687499999999999 0.024930555555555553
1 0.576765625 0.14947222222222223 0.017085937500000002 0.03163888888888889