1 0.0762890625 0.6248611111111111 0.152578125 0.3542777777777778
0 0.8768671875 0.9387361111111111 0.1341640625 0.11677777777777777
1 0.4711953125 0.30391666666666667 0.5435390625000001 0.5353333333333333
0 0.6071796875000001 0.2728472222222222 0.061953125 0.06772222222222223
0 0.2428828125 0.42420833333333335 0.075546875 0.07648611111111112
0 0.0211015625 0.0642361111111111 0.0175078125 0.04361111111111111
0 0.017906250000000002 0.6555 0.035812500000000004 0.08773611111111111
1 0.9774843750000001 0.8847083333333333 0.04503125 0.22556944444444443
1 0.019046874999999998 0.02077777777777778 0.034999999999999996 0.04134722222222222
0 0.1431484375 0.170375 0.018445312499999998 0.03226388888888889
0 0.146625 0.11449999999999999 0.016468749999999997 0.03290277777777778