1 0.17002343749999999 0.3009861111111111 0.125515625 0.21784722222222222
0 0.2390625 0.2709444444444445 0.024578125 0.04086111111111111
1 0.721 0.13108333333333333 0.126 0.2616805555555555
0 0.555625 0.24952777777777777 0.02290625 0.042263888888888886
0 0.158 0.022930555555555558 0.033453125 0.045861111111111116
0 0.15328124999999998 0.24376388888888886 0.0256171875 0.03913888888888889
1 0.5707734375 0.21887500000000001 0.0469296875 0.1095
0 0.6355625 0.035736111111111114 0.042390625 0.07040277777777777
0 0.6797500000000001 0.1983611111111111 0.033296875 0.06466666666666666
1 0.0949296875 0.029916666666666664 0.11182812499999999 0.059847222222222225
0 0.2689375 0.00575 0.016492187499999998 0.011027777777777779
1 0.1130078125 0.24494444444444446 0.047953125 0.06248611111111112
1 0.2201328125 0.02225 0.1169375 0.044486111111111115