1 0.8269453125 0.7820555555555556 0.346109375 0.4359027777777778
0 0.67346875 0.07736111111111112 0.027109375 0.03175
1 0.467171875 0.8923055555555556 0.1211328125 0.21072222222222223
1 0.254421875 0.5233055555555555 0.0634765625 0.12305555555555554
0 0.661671875 0.7195555555555556 0.067140625 0.08888888888888889
0 0.6550546875000001 0.20301388888888888 0.02203125 0.03759722222222222
1 0.11475781249999999 0.39777777777777773 0.046 0.10679166666666667
0 0.083734375 0.4655972222222223 0.022382812499999998 0.043583333333333335
0 0.1411328125 0.38968055555555553 0.0186796875 0.033555555555555554
0 0.2786171875 0.49948611111111113 0.0124140625 0.02266666666666667
1 0.10909374999999999 0.4269861111111111 0.06293750000000001 0.16416666666666668