0 0.823234375 0.7800833333333332 0.1712109375 0.1937222222222222
0 0.1258125 0.24104166666666668 0.039796874999999995 0.07095833333333333
0 0.1827421875 0.2829861111111111 0.027171875 0.05484722222222223
0 0.9350078125 0.30177777777777776 0.029343750000000002 0.036430555555555556
0 0.415625 0.35141666666666665 0.008179687500000001 0.021402777777777778
0 0.46428906249999996 0.41283333333333333 0.016484375000000002 0.021555555555555553
0 0.114125 0.31755555555555554 0.012109375 0.022291666666666668
1 0.1333046875 0.16316666666666668 0.045265625 0.09959722222222221
1 0.1984296875 0.2315 0.0337578125 0.07547222222222223
1 0.5196796875 0.3893611111111111 0.0901875 0.06770833333333333
1 0.4488359375 0.32918055555555553 0.0543828125 0.04505555555555555