0 0.6869296874999999 0.5645138888888889 0.0487421875 0.059875
1 0.5796718750000001 0.3255972222222222 0.11374999999999999 0.17972222222222223
0 0.52828125 0.10733333333333334 0.022375 0.02233333333333333
0 0.3202265625 0.5246805555555555 0.1359453125 0.18341666666666667
0 0.13189843750000002 0.3537777777777778 0.06967187500000001 0.09016666666666667
0 0.1464609375 0.3659861111111111 0.040453125 0.06461111111111112
1 0.074609375 0.173125 0.1492109375 0.3368055555555556
0 0.1703125 0.18558333333333335 0.0714921875 0.06634722222222222
0 0.32209374999999996 0.06077777777777778 0.0374609375 0.05551388888888889
0 0.525 0.10058333333333333 0.03203125 0.04188888888888889
0 0.590921875 0.4648611111111111 0.0427734375 0.052902777777777785
0 0.98575 0.06465277777777777 0.028499999999999998 0.06859722222222223
1 0.2653828125 0.42033333333333334 0.1254921875 0.1905972222222222