0 0.620703125 0.058444444444444445 0.023679687499999998 0.034847222222222224
1 0.3859375 0.22516666666666668 0.0330859375 0.10188888888888889
0 0.5728515625 0.21386111111111109 0.011328125 0.02588888888888889
0 0.6399140625 0.18269444444444444 0.01525 0.03947222222222223
0 0.7657265625 0.666375 0.0304140625 0.06979166666666667
0 0.7371015625 0.8536944444444444 0.021234375 0.04758333333333333
1 0.0973359375 0.9657361111111111 0.029281249999999998 0.06851388888888889
1 0.6385703125 0.04556944444444445 0.0416015625 0.06998611111111111
1 0.6582734375 0.19290277777777776 0.02615625 0.08456944444444445
0 0.331734375 0.18180555555555555 0.014656250000000001 0.02526388888888889
0 0.392046875 0.20591666666666666 0.0159140625 0.030763888888888886
0 0.3028984375 0.014819444444444444 0.0160859375 0.029625