0 0.6018984374999999 0.5751944444444445 0.014351562500000001 0.017569444444444447
0 0.44339843749999996 0.688375 0.037843749999999995 0.078125
0 0.6151796875 0.19383333333333333 0.0222421875 0.035944444444444446
0 0.626203125 0.09559722222222222 0.01934375 0.03102777777777778
0 0.17928125 0.36073611111111115 0.0164375 0.01926388888888889
0 0.29963281249999996 0.4489722222222222 0.0140078125 0.02336111111111111
0 0.1372578125 0.42519444444444443 0.01715625 0.03848611111111111
1 0.47926562500000003 0.7870416666666666 0.1512421875 0.4259305555555556
1 0.7581562500000001 0.6903888888888888 0.2923515625 0.6192083333333334
1 0.16459375 0.36475 0.0406015625 0.069125
1 0.2912734375 0.4674166666666667 0.0359453125 0.12304166666666667