0 0.319859375 0.08399999999999999 0.026421875 0.08555555555555555
0 0.24176562499999998 0.015013888888888889 0.02390625 0.030027777777777778
0 0.47163281250000005 0.09358333333333332 0.030734375 0.14222222222222222
0 0.5798671875 0.7967361111111111 0.0746328125 0.23525
1 0.12384375 0.2563888888888889 0.195015625 0.2581527777777778
1 0.07284375 0.4882083333333333 0.0915390625 0.1569722222222222
1 0.1558203125 0.6742777777777778 0.0998203125 0.172625
1 0.0318984375 0.6833888888888889 0.0638046875 0.19804166666666667
1 0.1452265625 0.8901944444444445 0.18090625 0.21959722222222225
1 0.53925 0.3358055555555556 0.168796875 0.671625
1 0.9161796875 0.14602777777777778 0.1676328125 0.29206944444444444