0 0.660546875 0.0801111111111111 0.057109375 0.09127777777777778
0 0.5905859375 0.020083333333333335 0.0350234375 0.04015277777777778
1 0.5054140625 0.049 0.051265625 0.09581944444444444
0 0.4945390625 0.11963888888888889 0.023375 0.05841666666666667
1 0.0485546875 0.08895833333333333 0.0963203125 0.17790277777777777
0 0.112453125 0.21090277777777777 0.024328125 0.04116666666666667
0 0.2213359375 0.05111111111111111 0.020867187500000002 0.03202777777777777
0 0.1927265625 0.04826388888888889 0.015585937499999999 0.023833333333333335
0 0.0949296875 0.08906944444444444 0.031492187500000005 0.044069444444444446
0 0.024085937499999998 0.22784722222222223 0.0481796875 0.025791666666666668
1 0.1729609375 0.01851388888888889 0.0655390625 0.03704166666666667
1 0.695734375 0.041666666666666664 0.08938281249999999 0.08333333333333333