1 0.35609375 0.26605555555555555 0.042359375 0.12983333333333333
0 0.6582265625 0.020388888888888887 0.022984375 0.0385
1 0.7131015625 0.2221111111111111 0.05503125 0.1055138888888889
0 0.6796953125 0.21743055555555557 0.0191796875 0.034402777777777775
0 0.3713203125 0.22901388888888888 0.017499999999999998 0.02825
0 0.29324218750000003 0.18287499999999998 0.01484375 0.02427777777777778
0 0.5971953125 0.2600555555555556 0.0124140625 0.024680555555555556
0 0.8493828125 0.9754444444444446 0.0340625 0.04911111111111111
1 0.7069140625 0.03154166666666667 0.090640625 0.06308333333333334
1 0.60390625 0.2709166666666667 0.025773437500000003 0.07908333333333332
1 0.213375 0.00825 0.0566328125 0.016069444444444445