0 0.5217890625 0.004680555555555556 0.0159453125 0.008972222222222222
0 0.9241796875 0.34420833333333334 0.0476796875 0.06909722222222223
0 0.9729140624999999 0.3564583333333333 0.03853125 0.06290277777777778
0 0.38834375 0.39787500000000003 0.0420625 0.05425000000000001
0 0.5472109374999999 0.29833333333333334 0.033703125 0.04777777777777777
0 0.0811796875 0.2756527777777778 0.010562499999999999 0.019069444444444444
0 0.1182109375 0.20948611111111112 0.008367187500000001 0.018055555555555554
0 0.24214843749999998 0.2693611111111111 0.00840625 0.018694444444444444
1 0.103484375 0.19415277777777776 0.0267578125 0.04756944444444444
1 0.42319531250000003 0.41930555555555554 0.1141015625 0.207125
1 0.668984375 0.2509722222222222 0.2739140625 0.4955
1 0.722921875 0.6220555555555556 0.059390624999999996 0.1440972222222222
1 0.8973984375 0.6384722222222222 0.20521093750000002 0.3343472222222222