0 0.1718515625 0.11729166666666667 0.014390625 0.017388888888888888
0 0.228671875 0.09484722222222224 0.0073906250000000005 0.012375
0 0.3892578125 0.07279166666666666 0.011820312500000001 0.026125
0 0.40541406249999995 0.10708333333333332 0.006890625 0.020708333333333332
0 0.2571640625 0.1574722222222222 0.007664062500000001 0.015250000000000001
0 0.20540625 0.09040277777777778 0.0100234375 0.01363888888888889
0 0.21089843749999998 0.17051388888888888 0.007375 0.008972222222222222
0 0.24046875 0.43394444444444447 0.007601562500000001 0.015458333333333334
0 0.3513515625 0.5226527777777777 0.0214453125 0.023208333333333334
0 0.4829609375 0.4305277777777778 0.025289062499999997 0.04451388888888889
0 0.768078125 0.43356944444444445 0.051789062500000003 0.05880555555555556
0 0.760953125 0.9587916666666667 0.06982031250000001 0.08240277777777777
0 0.108359375 0.4398194444444445 0.0072499999999999995 0.009236111111111112
0 0.1417109375 0.39045833333333335 0.008242187500000001 0.01351388888888889
0 0.4646796875 0.2327361111111111 0.0071015625 0.01786111111111111
0 0.47348437499999996 0.18597222222222223 0.010320312500000001 0.020638888888888887
1 0.15589843750000001 0.05323611111111111 0.052796875 0.10648611111111111
1 0.2252421875 0.04555555555555555 0.02971875 0.09036111111111111
1 0.202640625 0.06259722222222222 0.0116953125 0.039625
1 0.2529296875 0.12975 0.0191328125 0.034930555555555555
1 0.546546875 0.3821111111111111 0.154546875 0.31606944444444446
1 0.8997421875 0.9023194444444443 0.2005234375 0.195375
1 0.36843750000000003 0.4870555555555556 0.05061718750000001 0.14625
1 0.24016406250000003 0.4087083333333333 0.02175 0.038125
1 0.13663281249999998 0.3863888888888889 0.0173515625 0.051291666666666666