0 0.3883359375 0.38881944444444444 0.04015625 0.04794444444444445
0 0.9232812499999999 0.3255138888888889 0.055937499999999994 0.07694444444444444
0 0.955140625 0.30304166666666665 0.020703125 0.03384722222222222
0 0.9782968750000001 0.33490277777777777 0.023609375 0.043152777777777776
0 0.5457734375000001 0.28733333333333333 0.0405 0.06540277777777778
0 0.12075781249999999 0.1954861111111111 0.011609375 0.018291666666666668
0 0.2448203125 0.25855555555555554 0.0061875 0.014374999999999999
1 0.7357734375 0.3446666666666667 0.404109375 0.6837777777777778
1 0.41475 0.385625 0.10279687500000001 0.20651388888888889
1 0.234375 0.2331388888888889 0.0333359375 0.08001388888888888
1 0.109578125 0.1839861111111111 0.0329296875 0.06351388888888888
0 0.07959374999999999 0.2533472222222222 0.0147734375 0.03588888888888889