0 0.1849921875 0.18305555555555558 0.0199375 0.035055555555555555
0 0.48107812499999997 0.10783333333333334 0.0139296875 0.01801388888888889
0 0.41703124999999996 0.2637916666666667 0.022820312500000002 0.033541666666666664
0 0.10135156249999999 0.124875 0.0203203125 0.027180555555555555
0 0.25278125 0.14209722222222224 0.022539062500000002 0.02272222222222222
0 0.005328125 0.14016666666666666 0.0098984375 0.030875
0 0.24725000000000003 0.23081944444444444 0.027375 0.042458333333333334
1 0.1714765625 0.09947222222222223 0.1007578125 0.13120833333333334
0 0.8676484375 0.11981944444444444 0.017234375 0.022319444444444444
0 0.3731953125 0.1025 0.0096875 0.014388888888888889
1 0.4281484375 0.20847222222222223 0.032359375 0.05554166666666667
1 0.339453125 0.042972222222222224 0.061453125 0.08593055555555555
1 0.2274609375 0.19833333333333336 0.020867187500000002 0.05320833333333334
0 0.8594296874999999 0.11105555555555555 0.0285234375 0.043694444444444445
1 0.42044531249999995 0.17525000000000002 0.051953125 0.10752777777777778
0 0.39294531250000003 0.23661111111111113 0.01540625 0.01888888888888889
0 0.22734375 0.21908333333333335 0.0127109375 0.01988888888888889
0 0.44007031249999995 0.25398611111111113 0.009875 0.021916666666666664
0 0.3698203125 0.08734722222222223 0.015210937499999999 0.03091666666666667