1 0.759953125 0.2195277777777778 0.2368671875 0.32994444444444443
1 0.31739843749999996 0.17397222222222222 0.18540625 0.18997222222222224
0 0.6198984375000001 0.36544444444444446 0.05111718750000001 0.08309722222222223
0 0.45549999999999996 0.03733333333333333 0.03665625 0.059
0 0.2326171875 0.2517361111111111 0.031484374999999995 0.06179166666666667
1 0.9028671875000001 0.309125 0.0414921875 0.12233333333333334
0 0.859703125 0.3706388888888889 0.0313125 0.04044444444444444
0 0.17838281250000002 0.45770833333333333 0.037546875 0.05958333333333333
0 0.0729765625 0.06229166666666667 0.01290625 0.018930555555555558
0 0.0323046875 0.00926388888888889 0.01871875 0.01851388888888889
1 0.2078515625 0.3996944444444444 0.09992187500000001 0.09874999999999999