1 0.42453906249999995 0.4756111111111111 0.090875 0.2797638888888889
1 0.7062265625 0.36972222222222223 0.2734140625 0.4869027777777778
0 0.9562578125 0.4111944444444445 0.067796875 0.07158333333333333
0 0.39957031249999997 0.44545833333333335 0.0388828125 0.059361111111111114
0 0.563421875 0.3406388888888889 0.0432734375 0.07033333333333333
0 0.1320625 0.22984722222222223 0.0080859375 0.016555555555555556
1 0.11971093749999999 0.22883333333333333 0.033734375 0.06237499999999999
1 0.251328125 0.2857361111111111 0.026984374999999998 0.08716666666666667
0 0.257390625 0.29506944444444444 0.007648437499999999 0.014638888888888887
0 0.0959296875 0.29647222222222225 0.009945312500000001 0.017055555555555553
0 0.5382890625 0.019791666666666666 0.0130625 0.02766666666666667
1 0.9133203125 0.6775833333333333 0.1580078125 0.14422222222222222