1 0.5456562500000001 0.40008333333333335 0.2857734375 0.46361111111111114
0 0.47348437499999996 0.020458333333333335 0.028453125000000003 0.040902777777777774
0 0.18739843750000001 0.2615416666666667 0.0406796875 0.0645138888888889
0 0.28196875 0.5075972222222223 0.101359375 0.15355555555555556
0 0.655125 0.6940972222222223 0.061304687499999996 0.081875
1 0.3422421875 0.2170138888888889 0.06428125 0.19041666666666665
0 0.29757812499999997 0.11670833333333333 0.046484375 0.08494444444444443
0 0.6744453125 0.5510833333333333 0.028718749999999998 0.036722222222222226
0 0.6677265625000001 0.09852777777777777 0.034335937500000004 0.03904166666666667
0 0.566359375 0.50625 0.06259375 0.08934722222222222
0 0.2358828125 0.40795833333333337 0.033437499999999995 0.10537500000000001
1 0.131421875 0.11343055555555556 0.11996875 0.22684722222222223
1 0.64434375 0.03819444444444445 0.0394375 0.0763888888888889