1 0.4530390625 0.3610694444444445 0.0780390625 0.1761111111111111
1 0.707359375 0.25333333333333335 0.2751796875 0.43040277777777775
0 0.578640625 0.27025 0.0411875 0.05636111111111111
0 0.9589140625000001 0.32359722222222226 0.082171875 0.08
1 0.866390625 0.6385000000000001 0.10111718750000001 0.12890277777777778
0 0.9315078124999999 0.9825277777777777 0.0930703125 0.034930555555555555
1 0.18203125 0.17079166666666667 0.0197890625 0.04844444444444445
0 0.430765625 0.3558472222222222 0.027476562500000003 0.03904166666666667
1 0.295453125 0.2239722222222222 0.025124999999999998 0.049472222222222216
0 0.5608203125 0.017319444444444446 0.01315625 0.025861111111111112
0 0.29509375000000004 0.24197222222222223 0.008890625000000001 0.01538888888888889
0 0.1567109375 0.2378611111111111 0.006890625 0.015013888888888889