1 0.9070546875 0.4654722222222222 0.179984375 0.3288611111111111
0 0.2114140625 0.28623611111111114 0.020484375 0.06013888888888889
0 0.13079687499999998 0.21445833333333333 0.0270390625 0.06755555555555556
1 0.7888515625 0.17377777777777778 0.0983671875 0.26831944444444444
1 0.43956249999999997 0.5024861111111112 0.152515625 0.7310277777777778
0 0.36553125 0.27981944444444445 0.0278125 0.08265277777777777
0 0.487046875 0.9046111111111111 0.0580078125 0.08522222222222223
1 0.2053203125 0.20577777777777778 0.035312500000000004 0.10598611111111111
0 0.9649921875 0.6739166666666667 0.050523437500000004 0.07311111111111111
1 0.347265625 0.1698611111111111 0.056757812500000004 0.1615138888888889
1 0.035726562499999996 0.6713055555555555 0.07145312499999999 0.14797222222222223
1 0.130640625 0.1560138888888889 0.028921875000000003 0.04706944444444445