0 0.55409375 0.012458333333333333 0.012140624999999999 0.018569444444444444
0 0.9528828125000001 0.2985555555555556 0.0932734375 0.07509722222222222
0 0.9170703124999999 0.9592638888888888 0.1028828125 0.08148611111111112
0 0.5705546874999999 0.2562916666666667 0.0380546875 0.05593055555555556
0 0.4220859375 0.3518055555555556 0.0349921875 0.06675
0 0.1476484375 0.22797222222222221 0.010953125 0.01998611111111111
0 0.183390625 0.17454166666666668 0.0071796874999999994 0.013875
0 0.29002343750000004 0.23397222222222222 0.0085 0.017236111111111112
1 0.443265625 0.32731944444444444 0.082359375 0.13427777777777777
1 0.17413281249999998 0.16015277777777778 0.0215234375 0.042666666666666665
1 0.2869765625 0.2097638888888889 0.015632812500000003 0.037875
1 0.676609375 0.28247222222222224 0.24071875 0.5649305555555556