0 0.1085234375 0.20755555555555555 0.028421875000000003 0.041999999999999996
0 0.590203125 0.017402777777777777 0.0336640625 0.034569444444444444
0 0.0860546875 0.079 0.0399375 0.05077777777777778
0 0.49596875 0.10791666666666667 0.0253671875 0.05383333333333333
0 0.21751562500000002 0.04791666666666667 0.0199296875 0.026805555555555558
1 0.50534375 0.04386111111111111 0.050796875 0.08772222222222222
1 0.0528671875 0.10227777777777777 0.105734375 0.20455555555555555
0 0.659875 0.081625 0.0478203125 0.08579166666666667
0 0.186109375 0.0435 0.0150234375 0.017875
0 0.0233671875 0.222875 0.0290234375 0.020972222222222222
0 0.14790625 0.018930555555555558 0.011898437500000001 0.019569444444444445
1 0.134875 0.013930555555555555 0.1380625 0.027416666666666666
1 0.696078125 0.02694444444444444 0.0750625 0.053875