0 0.59109375 0.018416666666666668 0.0367734375 0.036833333333333336
0 0.49525781249999995 0.11252777777777777 0.0265078125 0.058319444444444445
1 0.047953125 0.12356944444444444 0.0958984375 0.193375
0 0.1103515625 0.20694444444444443 0.026109375 0.04023611111111111
0 0.6615078125 0.07531944444444444 0.0591484375 0.08420833333333334
0 0.0883125 0.07741666666666668 0.0377890625 0.04661111111111112
0 0.2178671875 0.04663888888888889 0.0199921875 0.03636111111111111
0 0.188265625 0.04536111111111111 0.0166953125 0.020402777777777777
0 0.1496484375 0.026833333333333334 0.007992187500000001 0.020402777777777777
0 0.021484375 0.22404166666666667 0.04296875 0.02876388888888889
1 0.506359375 0.051444444444444445 0.05178125 0.06376388888888888
1 0.689890625 0.024305555555555556 0.0750859375 0.04861111111111111