0 0.24441406250000003 0.2325 0.0116328125 0.01659722222222222
0 0.3879765625 0.3574305555555556 0.0339296875 0.03880555555555556
0 0.12353125000000001 0.1706527777777778 0.0071015625 0.01609722222222222
0 0.5445390625 0.25093055555555555 0.037679687499999996 0.04697222222222222
0 0.9292031250000001 0.2889027777777778 0.078890625 0.07113888888888889
1 0.9469140625 0.22568055555555558 0.029859375 0.035347222222222224
1 0.7129531250000001 0.26587500000000003 0.33614062499999997 0.4710138888888889
1 0.4248671875 0.37890277777777776 0.10997656250000001 0.2883611111111111
1 0.2369765625 0.19955555555555557 0.0396015625 0.06169444444444445
1 0.1143671875 0.16822222222222222 0.0314453125 0.0795
0 0.08775 0.23343055555555556 0.007984375 0.01640277777777778