1 0.4157109375 0.3939027777777778 0.0920859375 0.19216666666666668
0 0.9268828125 0.32086111111111115 0.0684453125 0.083625
0 0.5495078125 0.2829305555555556 0.0391328125 0.05934722222222222
0 0.24172656250000002 0.25890277777777776 0.00825 0.017013888888888887
0 0.9778046874999999 0.3352361111111111 0.021476562499999997 0.031055555555555555
1 0.7344140625 0.3580833333333333 0.397671875 0.6822777777777778
0 0.12115625000000001 0.194875 0.0089921875 0.01586111111111111
0 0.08065625 0.2650694444444444 0.0074375 0.013097222222222222
1 0.23234375 0.22586111111111112 0.032460937499999995 0.058402777777777776
1 0.7333046875 0.03976388888888889 0.0718359375 0.07952777777777778
1 0.1054375 0.173125 0.0301328125 0.04429166666666667