0 0.6593984374999999 0.08284722222222222 0.05703125 0.09422222222222222
0 0.49594531249999996 0.11958333333333332 0.0271015625 0.06856944444444445
0 0.5906015625000001 0.022041666666666664 0.0363203125 0.044097222222222225
0 0.1144609375 0.21670833333333334 0.0314140625 0.04188888888888889
1 0.0532109375 0.11329166666666665 0.1064296875 0.21940277777777778
1 0.5180390625 0.05498611111111112 0.0491171875 0.10997222222222224
0 0.222171875 0.05291666666666667 0.0218046875 0.023805555555555555
0 0.1928671875 0.05165277777777778 0.017906250000000002 0.03095833333333333
0 0.0293828125 0.22955555555555557 0.048007812500000004 0.022375
1 0.6920468750000001 0.041666666666666664 0.09503906250000001 0.08333333333333333
0 0.09125 0.07984722222222222 0.0470859375 0.05322222222222222