1 0.35484375 0.07634722222222222 0.0316484375 0.12376388888888888
0 0.69865625 0.5546666666666666 0.0246875 0.03991666666666666
1 0.24176562499999998 0.8973055555555555 0.061304687499999996 0.1952361111111111
1 0.08527343750000001 0.7865555555555557 0.070703125 0.19415277777777776
0 0.5378515625 0.04790277777777778 0.013578125 0.01926388888888889
0 0.6006328125 0.024805555555555556 0.013765625 0.027777777777777776
0 0.7160546875 0.38431944444444444 0.0213984375 0.030541666666666665
0 0.3609296875 0.064125 0.017609375 0.033
0 0.30371875 0.049555555555555554 0.0131015625 0.02390277777777778
0 0.06023437499999999 0.8127777777777778 0.022382812499999998 0.054125
0 0.12064062499999999 0.6923055555555555 0.0236484375 0.06577777777777778