0 0.0410390625 0.02375 0.035296875 0.0475
0 0.47106250000000005 0.26779166666666665 0.0165078125 0.02783333333333333
0 0.5802031249999999 0.47513888888888894 0.0328984375 0.044125
1 0.7883281249999999 0.32340277777777776 0.047093750000000004 0.15777777777777777
1 0.516109375 0.2222916666666667 0.08053906250000001 0.09740277777777777
0 0.1138671875 0.07495833333333334 0.029898437500000003 0.07015277777777777
1 0.9370468750000001 0.4558472222222222 0.0295859375 0.03926388888888889
1 0.014476562500000002 0.09952777777777777 0.028953125000000003 0.10690277777777778
1 0.8049453124999999 0.4827638888888889 0.015625 0.025166666666666667
1 0.14070312499999998 0.01963888888888889 0.076625 0.03927777777777778
1 0.6564609375 0.4100277777777778 0.0159296875 0.03977777777777778
1 0.741375 0.45279166666666665 0.062125 0.06206944444444444
1 0.6783046875000001 0.3535138888888889 0.0518046875 0.1560277777777778
0 0.6568046875 0.4886111111111111 0.011203125 0.023041666666666665
1 0.860734375 0.5814027777777778 0.0265859375 0.04536111111111111
1 0.667609375 0.4720972222222223 0.019265625 0.048930555555555554
1 0.616015625 0.4785416666666667 0.0160546875 0.035916666666666666
1 0.62709375 0.27025 0.015484375 0.027819444444444445
1 0.6911953125 0.5308472222222222 0.013117187499999999 0.025583333333333336