0 0.343328125 0.32718055555555553 0.0469453125 0.06431944444444444
0 0.17221875 0.7059861111111111 0.0320390625 0.041430555555555554
0 0.172609375 0.9268472222222223 0.06399218749999999 0.07702777777777778
0 0.47140624999999997 0.33631944444444445 0.0380625 0.051194444444444445
1 0.3406796875 0.22801388888888888 0.24572656249999997 0.4560138888888889
1 0.10286718749999998 0.37676388888888884 0.2057265625 0.6100138888888889
1 0.02734375 0.8946388888888889 0.0546875 0.07168055555555555
1 0.086171875 0.961763888888889 0.07734375 0.07645833333333332
0 0.138546875 0.7289583333333334 0.0276015625 0.042069444444444444
0 0.45571875000000006 0.28733333333333333 0.026023437500000003 0.027166666666666665
0 0.098890625 0.7417916666666667 0.018375 0.025666666666666667