1 0.8610390625000001 0.6609166666666667 0.08203906250000001 0.19319444444444445
1 0.4373359375 0.2495138888888889 0.08299999999999999 0.20820833333333333
1 0.3249765625 0.23881944444444442 0.099265625 0.24356944444444445
1 0.3947265625 0.8679722222222223 0.06819531250000001 0.21715277777777778
0 0.8052890625 0.6221666666666666 0.043015625 0.08218055555555556
0 0.8207656249999999 0.9666805555555555 0.0362265625 0.06629166666666667
1 0.3778125 0.05155555555555555 0.036117187499999995 0.057875
0 0.4253359375 0.7606111111111111 0.0200625 0.029875000000000002
0 0.46577343750000005 0.24598611111111113 0.0178046875 0.030333333333333334
0 0.6963359375 0.9833472222222223 0.020984375 0.033305555555555554
0 0.35545312500000004 0.6320972222222222 0.018265625 0.03209722222222222
0 0.43640625 0.19691666666666666 0.015210937499999999 0.018208333333333333
0 0.3633515625 0.25179166666666664 0.0206953125 0.03809722222222222