1 0.362328125 0.09884722222222223 0.0466015625 0.1673472222222222
0 0.305234375 0.050763888888888886 0.014796875000000001 0.02284722222222222
0 0.6700781250000001 0.05959722222222222 0.0199453125 0.030875
0 0.5903359375 0.09619444444444446 0.0111171875 0.020749999999999998
0 0.37901562499999997 0.08234722222222222 0.013859374999999998 0.027000000000000003
0 0.7807265625 0.9308472222222223 0.02709375 0.06983333333333333
1 0.688609375 0.042597222222222224 0.0327734375 0.07972222222222222
1 0.5999531250000001 0.08469444444444443 0.026375 0.0635
0 0.8074453125 0.6509027777777777 0.0166171875 0.022111111111111113
0 0.0727890625 0.9556388888888888 0.0124296875 0.023291666666666665
1 0.29700000000000004 0.07511111111111111 0.0141796875 0.029249999999999998
1 0.042007812500000005 0.98675 0.050960937500000004 0.0265
0 0.8255859375 0.6876805555555555 0.0244609375 0.050583333333333334
0 0.8393828125 0.7374583333333333 0.0171953125 0.02804166666666667