1 0.34625 0.2050138888888889 0.2083203125 0.19179166666666667
1 0.85484375 0.2708472222222222 0.2903203125 0.22394444444444445
1 0.21764062499999998 0.42138888888888887 0.10611718750000002 0.11916666666666666
0 0.6858906250000001 0.41380555555555554 0.04903125 0.07894444444444446
0 0.4965625 0.09988888888888889 0.0403203125 0.05320833333333334
0 0.1811015625 0.5059722222222223 0.035421875000000005 0.059319444444444445
0 0.25765625000000003 0.300625 0.02715625 0.03922222222222222
0 0.9775 0.40888888888888886 0.033773437499999996 0.033666666666666664
0 0.097875 0.11516666666666667 0.013679687500000001 0.02334722222222222
0 0.06159375 0.05163888888888889 0.0141875 0.04629166666666666
0 0.9849375 0.7477777777777778 0.030125000000000002 0.034583333333333334