1 0.17359375 0.14097222222222222 0.2713671875 0.28194444444444444
0 0.3300546875 0.5571111111111111 0.0744765625 0.11525
1 0.45864843750000006 0.052361111111111115 0.070203125 0.10470833333333333
0 0.6371484374999999 0.7195277777777777 0.0512109375 0.07693055555555556
0 0.2374609375 0.33025 0.03546875 0.06081944444444444
0 0.0433515625 0.16634722222222223 0.0236015625 0.042375
1 0.5039687500000001 0.45420833333333327 0.334453125 0.43855555555555553
0 0.6583593750000001 0.5938611111111111 0.019046874999999998 0.030458333333333334
0 0.160546875 0.1463611111111111 0.026390625 0.045375000000000006
1 0.020171875 0.11765277777777777 0.03471875 0.064375
0 0.4902265625 0.11702777777777779 0.0320625 0.04338888888888889
1 0.2630703125 0.42715277777777777 0.0944453125 0.1479861111111111
0 0.3364921875 0.21509722222222222 0.0231796875 0.034874999999999996
0 0.6646875 0.18566666666666667 0.0200546875 0.03155555555555555
1 0.4409921875 0.29241666666666666 0.052437500000000005 0.11929166666666667
1 0.5449453125 0.34458333333333335 0.050984375000000005 0.043722222222222225
1 0.3638828125 0.30933333333333335 0.051734375 0.13277777777777777
0 0.579625 0.5727222222222222 0.0228046875 0.03463888888888889