1 0.4225625 0.4220555555555556 0.11765624999999999 0.21569444444444447
0 0.5485390625 0.29475 0.038765625 0.05277777777777778
1 0.690421875 0.25445833333333334 0.3347421875 0.5083333333333333
0 0.387875 0.3985 0.039054687500000004 0.05659722222222222
0 0.9192500000000001 0.3480694444444445 0.05365625 0.07405555555555556
1 0.1085078125 0.19519444444444442 0.025281249999999998 0.048930555555555554
1 0.23143750000000002 0.24583333333333332 0.031742187500000005 0.07518055555555556
0 0.9722031250000001 0.35709722222222223 0.0366953125 0.050305555555555555
0 0.24060937500000001 0.27120833333333333 0.009281250000000001 0.0195
0 0.080015625 0.27711111111111114 0.010195312500000001 0.011583333333333333
1 0.7218671875 0.6215555555555555 0.07032031250000001 0.13729166666666665
1 0.8987109375 0.6375 0.20257031250000002 0.3372638888888889