0 0.9251484375000001 0.9523194444444444 0.11174999999999999 0.095375
0 0.9167890625 0.25372222222222224 0.0700390625 0.07958333333333333
0 0.5435 0.2212638888888889 0.041125 0.08155555555555555
0 0.38967968750000004 0.3176111111111111 0.0404375 0.08144444444444444
0 0.126515625 0.14797222222222223 0.0094765625 0.018875
0 0.0912421875 0.2103611111111111 0.01021875 0.018152777777777778
0 0.24929687500000003 0.20565277777777777 0.007656250000000001 0.010916666666666667
1 0.42935937500000004 0.3062777777777778 0.10975781250000001 0.31072222222222223
1 0.119265625 0.14079166666666668 0.027078124999999998 0.07045833333333333
1 0.6661953125 0.21458333333333332 0.23967968750000002 0.41990277777777774
1 0.807234375 0.45329166666666665 0.0865625 0.12118055555555556
1 0.8879453125 0.3788333333333333 0.083484375 0.15395833333333334
1 0.9731796875000001 0.2715972222222222 0.0536484375 0.07904166666666666
1 0.8545546875 0.6126944444444444 0.096609375 0.12909722222222222