1 0.07963281250000001 0.8387222222222223 0.07759374999999999 0.23980555555555555
0 0.06448437500000001 0.8207500000000001 0.02496875 0.04002777777777778
0 0.730484375 0.4203194444444444 0.026523437500000004 0.033819444444444444
1 0.2436875 0.9149861111111111 0.0728359375 0.16106944444444443
0 0.705703125 0.5880416666666667 0.0221640625 0.03931944444444444
1 0.3686640625 0.07997222222222222 0.031117187499999997 0.09498611111111112
0 0.270921875 0.8860277777777779 0.014765625 0.049833333333333334
0 0.1271796875 0.7277361111111111 0.017515625 0.0628888888888889
0 0.5484296875 0.06555555555555556 0.01040625 0.021847222222222223
0 0.610828125 0.03848611111111111 0.0164453125 0.03622222222222222
0 0.313234375 0.05998611111111111 0.01415625 0.024472222222222225
0 0.3711875 0.07527777777777778 0.015953125000000002 0.03648611111111111