0 0.034171875000000004 0.40008333333333335 0.0189609375 0.02454166666666667
0 0.4501640625 0.22008333333333335 0.031546875 0.06570833333333334
1 0.0845703125 0.34426388888888887 0.0765390625 0.11476388888888889
0 0.1527890625 0.27361111111111114 0.016875 0.02436111111111111
0 0.0401015625 0.3046666666666667 0.026273437500000003 0.030208333333333334
0 0.390296875 0.2942361111111111 0.013921875 0.03661111111111111
0 0.4843125 0.2799027777777778 0.025859375 0.044055555555555556
0 0.9592499999999999 0.8891527777777779 0.0493046875 0.0642638888888889
0 0.12028125 0.2722361111111111 0.012085937500000001 0.01615277777777778
0 0.8135 0.5295 0.018484375 0.02775
0 0.1231875 0.3805972222222222 0.0208203125 0.030694444444444448
1 0.8766171875 0.49659722222222225 0.09280468750000001 0.1098888888888889
1 0.49408593749999996 0.1975138888888889 0.0920859375 0.14311111111111113
1 0.3940703125 0.24591666666666667 0.0206875 0.07708333333333334
1 0.9592499999999999 0.5848333333333333 0.0173203125 0.02638888888888889
0 0.06875 0.25809722222222226 0.0091796875 0.013083333333333334
1 0.097234375 0.1446388888888889 0.11921875 0.23336111111111113
1 0.9014218749999999 0.5633888888888888 0.0124453125 0.021055555555555557