0 0.6561328125 0.5531666666666666 0.05171875 0.07338888888888889
1 0.8305624999999999 0.7439166666666667 0.338875 0.49895833333333334
1 0.5165546875 0.7625833333333333 0.1181875 0.34888888888888886
1 0.7882109374999999 0.3281527777777778 0.0814140625 0.1292361111111111
0 0.47132031249999995 0.6715277777777777 0.0447265625 0.08572222222222223
0 0.1263671875 0.4460416666666666 0.0237421875 0.04716666666666667
1 0.16298437500000001 0.3965 0.029203125000000003 0.07802777777777778
1 0.306140625 0.4333194444444445 0.043046875 0.1628888888888889
0 0.30496875 0.4540138888888889 0.01153125 0.023666666666666666
0 0.62590625 0.14534722222222224 0.0341796875 0.04898611111111111
0 0.6235937500000001 0.051625000000000004 0.018828125 0.06159722222222223
0 0.170421875 0.3574861111111111 0.0185078125 0.052763888888888895