1 0.61903125 0.2557638888888889 0.24724218750000002 0.2207777777777778
1 0.1265703125 0.331625 0.1407421875 0.21861111111111112
0 0.49203125 0.4115972222222223 0.046328125 0.06355555555555556
0 0.290171875 0.22388888888888886 0.030429687500000004 0.044097222222222225
0 0.070203125 0.4662222222222222 0.0328984375 0.04940277777777778
0 0.014578125 0.6855 0.029148437500000002 0.07475
0 0.6952265625 0.3318611111111111 0.0224609375 0.03383333333333333
1 0.055734375 0.5819583333333334 0.11146875 0.110375
1 0.2446640625 0.32108333333333333 0.0398984375 0.08566666666666667
0 0.7379140625 0.5559444444444444 0.030234375 0.025680555555555554
1 0.32753125 0.1812777777777778 0.056320312500000004 0.06191666666666666