0 0.57684375 0.08670833333333333 0.018640625 0.026583333333333334
0 0.5871796875 0.008930555555555554 0.0192265625 0.01786111111111111
0 0.9921875 0.568861111111111 0.015625 0.06829166666666667
0 0.5853906249999999 0.43895833333333334 0.036851562500000004 0.07434722222222222
0 0.419984375 0.5539166666666666 0.040859374999999996 0.07409722222222223
0 0.2791796875 0.3555416666666667 0.011953125 0.019069444444444444
0 0.1586171875 0.2798611111111111 0.0097734375 0.017666666666666667
0 0.11621875 0.34261111111111114 0.0131015625 0.039
1 0.26834375 0.3414027777777778 0.0389140625 0.09947222222222223
1 0.1406953125 0.29793055555555553 0.029164062499999997 0.12240277777777778
1 0.44410937500000003 0.6346944444444444 0.1114375 0.301125
1 0.7756093749999999 0.6246666666666667 0.3536796875 0.7334444444444445