0 0.44604687500000006 0.11023611111111112 0.013921875 0.026916666666666665
0 0.2308671875 0.146875 0.010828125 0.01901388888888889
0 0.30690625 0.18594444444444444 0.0070390625 0.01625
0 0.8563828125 0.50375 0.038796874999999995 0.05563888888888889
1 0.9028984375 0.5074861111111111 0.054625 0.09984722222222223
0 0.5371640625 0.48093055555555553 0.035046875 0.05479166666666667
0 0.395171875 0.5658472222222223 0.029445312499999998 0.04794444444444445
0 0.27624218749999996 0.4617777777777778 0.0079375 0.01347222222222222
0 0.17838281250000002 0.4104027777777778 0.0057421875 0.008833333333333334
0 0.1414921875 0.4563888888888889 0.007640625 0.015000000000000001
0 0.2645 0.19563888888888892 0.009546875 0.016138888888888887
0 0.2651953125 0.12315277777777778 0.0091953125 0.012944444444444444
0 0.2850390625 0.12670833333333334 0.013257812499999999 0.018791666666666665
0 0.4593359375 0.13819444444444445 0.010499999999999999 0.029152777777777774
0 0.4207109375 0.1530277777777778 0.007539062500000001 0.018027777777777778
0 0.5184765625 0.26134722222222223 0.012015625 0.02545833333333333
0 0.5283203125 0.22130555555555556 0.0139296875 0.022194444444444444
1 0.61646875 0.43230555555555555 0.1743515625 0.36872222222222223
1 0.4154453125 0.5218472222222222 0.11182031249999999 0.24148611111111112
1 0.273875 0.4336111111111111 0.0230859375 0.051305555555555556
1 0.1715 0.40636111111111106 0.0195 0.052083333333333336
1 0.3078828125 0.16554166666666667 0.0175625 0.052263888888888894
1 0.22049218750000002 0.09237500000000001 0.041296875 0.0948611111111111
1 0.28896875 0.09191666666666667 0.0231015625 0.06616666666666667
1 0.263984375 0.09195833333333332 0.017859375 0.05683333333333333
1 0.45285937499999995 0.06984722222222223 0.0276015625 0.049180555555555554