1 0.3032578125 0.1607638888888889 0.077875 0.20626388888888889
1 0.4156953125 0.1473611111111111 0.0723125 0.19563888888888892
1 0.3901640625 0.66175 0.06837499999999999 0.17419444444444446
1 0.77671875 0.465875 0.050124999999999996 0.19333333333333333
0 0.74778125 0.42991666666666667 0.0281171875 0.043847222222222225
0 0.7608125 0.7121111111111111 0.02396875 0.04336111111111111
0 0.3346015625 0.1621388888888889 0.0160703125 0.04098611111111111
0 0.338234375 0.5004722222222222 0.016421875 0.024555555555555556
0 0.65471875 0.7441805555555555 0.014570312499999998 0.02475
1 0.6636328125000001 0.7806527777777779 0.0250859375 0.06541666666666666
1 0.7833984375 0.7194999999999999 0.040484375 0.08959722222222223
0 0.4082265625 0.6022083333333333 0.016671875 0.02275
0 0.40230468750000004 0.10688888888888888 0.0121875 0.020208333333333335
0 0.43746875 0.15025000000000002 0.012882812499999998 0.022569444444444444