0 0.56153125 0.06252777777777778 0.044429687499999995 0.11004166666666668
1 0.042148437500000004 0.1555138888888889 0.0842890625 0.2597777777777778
0 0.6096250000000001 0.1607638888888889 0.0366953125 0.07141666666666667
0 0.10421093749999999 0.28320833333333334 0.026921875 0.038375
1 0.47375 0.126875 0.039484375 0.10348611111111111
0 0.197625 0.12659722222222222 0.0266171875 0.03386111111111111
0 0.1660625 0.12719444444444444 0.017875 0.028930555555555553
0 0.12640625 0.11073611111111112 0.0096953125 0.013694444444444443
0 0.0710234375 0.1613888888888889 0.027750000000000004 0.036472222222222225
0 0.015101562499999999 0.3040972222222222 0.0302109375 0.01775
0 0.46089843750000004 0.20741666666666667 0.0207578125 0.025902777777777775
1 0.6524765625 0.0906111111111111 0.0924453125 0.11506944444444443
1 0.1400234375 0.05504166666666667 0.12258593749999999 0.11006944444444444