1 0.5233984375 0.26768055555555553 0.06782031250000001 0.2185555555555556
1 0.7750390625 0.18116666666666667 0.1920078125 0.2202638888888889
0 0.04178125 0.3769444444444444 0.0419921875 0.058694444444444445
0 0.05792968750000001 0.15711111111111112 0.0411796875 0.0546388888888889
0 0.6148359375 0.07983333333333333 0.0675703125 0.14533333333333334
1 0.118125 0.06520833333333334 0.1430234375 0.13041666666666668
0 0.193703125 0.11499999999999999 0.023570312500000003 0.03979166666666666
0 0.678625 0.2742777777777778 0.0378125 0.057402777777777775
0 0.4981640625 0.3159861111111111 0.034921875000000005 0.056902777777777774
0 0.164015625 0.1108888888888889 0.017695312499999998 0.02770833333333333
1 0.013148437499999999 0.3485972222222222 0.026296874999999997 0.10850000000000001