1 0.72065625 0.12415277777777778 0.1241171875 0.2439027777777778
0 0.24137499999999998 0.24656944444444445 0.0249296875 0.041541666666666664
0 0.6258359375 0.02448611111111111 0.0374765625 0.04897222222222222
0 0.15959375 0.018708333333333334 0.0335546875 0.03698611111111111
0 0.1535859375 0.22405555555555554 0.028828125 0.035166666666666666
1 0.2024921875 0.2724861111111111 0.08040625 0.19563888888888892
0 0.5531484375 0.21625 0.0218671875 0.03838888888888889
0 0.682203125 0.16433333333333333 0.04990625 0.074
1 0.577046875 0.20919444444444446 0.053765625 0.13505555555555554
1 0.132375 0.44451388888888893 0.0503203125 0.06998611111111111
1 0.119953125 0.24097222222222223 0.04821875 0.09237500000000001
1 0.0948125 0.023833333333333335 0.039328125000000005 0.04765277777777778
1 0.2256640625 0.021055555555555557 0.06869531250000001 0.04211111111111111