1 0.3670859375 0.8500972222222223 0.139765625 0.29570833333333335
0 0.9707812499999999 0.18244444444444446 0.049390625 0.05555555555555555
0 0.3007890625 0.8915555555555555 0.0312421875 0.06806944444444445
0 0.6466406250000001 0.14666666666666667 0.0432734375 0.07002777777777779
0 0.1363984375 0.9761527777777779 0.0509765625 0.04770833333333334
0 0.3819296875 0.4143888888888889 0.057046875 0.09215277777777776
1 0.41803125 0.5721111111111111 0.09296875 0.07408333333333333
0 0.44978125 0.2718472222222222 0.01559375 0.027944444444444445
1 0.41111718750000004 0.3196111111111111 0.053515625 0.07522222222222222
1 0.9855703124999999 0.08154166666666667 0.028867187500000002 0.16308333333333333
1 0.6696718749999999 0.05565277777777778 0.09664062500000001 0.11129166666666666
1 0.180546875 0.8684722222222222 0.0393125 0.1344861111111111
1 0.459765625 0.1264861111111111 0.091625 0.23908333333333331