1 0.8711640624999999 0.7844722222222222 0.16117187500000002 0.3535138888888889
1 0.0466484375 0.8765138888888889 0.093296875 0.24698611111111113
0 0.8207187499999999 0.5036111111111111 0.050601562499999996 0.08172222222222222
1 0.7884296875000001 0.31830555555555556 0.0677109375 0.24233333333333332
0 0.123265625 0.8013333333333333 0.0560859375 0.08330555555555555
1 0.7024375 0.27425 0.05896875 0.10451388888888889
0 0.75278125 0.2788888888888889 0.0224375 0.02809722222222222
0 0.78690625 0.8048888888888889 0.03871875 0.07340277777777778
0 0.34835937499999997 0.35175 0.030328125 0.03715277777777778
0 0.5043671875 0.9762083333333333 0.050070312500000005 0.04759722222222223
1 0.2714296875 0.3987777777777778 0.12085937499999999 0.32375
0 0.72153125 0.32254166666666667 0.0150078125 0.025472222222222222
0 0.67778125 0.3045833333333334 0.0097734375 0.01877777777777778
1 0.8764921875 0.48383333333333334 0.0677109375 0.1831388888888889