1 0.1045234375 0.7280694444444445 0.1391328125 0.5252916666666666
1 0.8922812499999999 0.21177777777777776 0.21544531249999999 0.3728194444444445
1 0.6878124999999999 0.8917222222222222 0.082375 0.21655555555555553
0 0.19159375 0.5834444444444444 0.0353671875 0.06212499999999999
0 0.647875 0.7829444444444444 0.0355078125 0.057291666666666664
1 0.934375 0.7712916666666667 0.1289765625 0.45234722222222223
1 0.08304687499999999 0.058791666666666666 0.088453125 0.11756944444444445
0 0.0954453125 0.4453333333333333 0.034953125 0.04493055555555556
0 0.145921875 0.021763888888888888 0.0341328125 0.043541666666666666
1 0.22638281249999997 0.03852777777777778 0.132765625 0.07705555555555556
0 0.77028125 0.22865277777777776 0.064296875 0.08530555555555555
0 0.845703125 0.6787916666666667 0.0475390625 0.07036111111111111
0 0.278953125 0.005597222222222222 0.017265625 0.010916666666666667
1 0.0374609375 0.5138472222222222 0.055882812500000004 0.11970833333333333