0 0.9559218749999999 0.4106527777777778 0.06565625 0.06852777777777778
0 0.5634140624999999 0.3413333333333333 0.0450390625 0.07380555555555555
0 0.535609375 0.026569444444444444 0.016953125 0.024763888888888887
0 0.4025625 0.44848611111111114 0.0375078125 0.05145833333333333
0 0.25565625000000003 0.2950416666666667 0.007664062500000001 0.017055555555555553
0 0.1333046875 0.2313888888888889 0.0079453125 0.011444444444444445
1 0.774578125 0.43766666666666665 0.40645312499999997 0.6231666666666666
1 0.41773437500000005 0.4547083333333333 0.0942265625 0.28304166666666664
1 0.24901562500000002 0.28341666666666665 0.0240703125 0.07413888888888889
1 0.1179453125 0.22643055555555555 0.037546875 0.06698611111111111
0 0.09131249999999999 0.28530555555555553 0.0182734375 0.03652777777777778