1 0.4688671875 0.09404166666666666 0.039296874999999995 0.09527777777777777
0 0.5586875 0.048874999999999995 0.0489921875 0.09774999999999999
0 0.6101953124999999 0.11940277777777777 0.0414296875 0.09663888888888889
0 0.46117187499999995 0.15627777777777777 0.025484374999999997 0.06030555555555556
0 0.0945390625 0.25056944444444446 0.0354296875 0.04743055555555555
0 0.0668359375 0.1483472222222222 0.030843749999999996 0.03934722222222222
0 0.192234375 0.11 0.0243828125 0.04390277777777778
0 0.1654921875 0.11073611111111112 0.01796875 0.02390277777777778
0 0.12171875000000001 0.09605555555555555 0.011773437500000001 0.01620833333333333
1 0.6451171875 0.064875 0.08449999999999999 0.124875
1 0.10628125 0.049763888888888885 0.17546875 0.09954166666666667
1 0.0403671875 0.18158333333333335 0.0807265625 0.14608333333333334
0 0.0123671875 0.2774861111111111 0.024742187500000002 0.033