1 0.44435156249999996 0.24744444444444444 0.073453125 0.18408333333333332
1 0.829640625 0.6251111111111111 0.07367968750000001 0.19930555555555557
1 0.338359375 0.2519166666666667 0.0754375 0.19256944444444446
0 0.7939296875 0.8933611111111112 0.0287578125 0.04493055555555556
0 0.7848359375 0.5866805555555555 0.0347734375 0.051236111111111114
1 0.3811484375 0.04611111111111112 0.037984375 0.08913888888888889
1 0.8259765625 0.9379305555555555 0.0645625 0.12413888888888888
0 0.3703125 0.25387499999999996 0.0199609375 0.03373611111111111
1 0.41434375 0.7719861111111112 0.044375 0.12776388888888887
0 0.46903125 0.23920833333333333 0.014226562500000001 0.03190277777777777
0 0.43064843750000004 0.7165972222222223 0.0179765625 0.026541666666666665
0 0.3599453125 0.6004305555555556 0.014687500000000001 0.024569444444444446
1 0.6927187499999999 0.9636111111111111 0.026007812499999998 0.07279166666666666
0 0.6779609375 0.9178888888888889 0.015484375 0.02327777777777778
0 0.4399609375 0.18979166666666666 0.009859375 0.017611111111111112
0 0.3952734375 0.05366666666666667 0.007875 0.01711111111111111
1 0.34855468749999996 0.6205416666666667 0.022695312500000002 0.04058333333333333