1 0.4506328125 0.21126388888888892 0.0808125 0.18138888888888888
1 0.34196875000000004 0.20431944444444447 0.077625 0.21466666666666667
1 0.808203125 0.5675972222222222 0.0763046875 0.17277777777777778
1 0.40910156249999996 0.7635277777777778 0.06215625 0.236625
0 0.7860390625 0.8380555555555556 0.02778125 0.05063888888888889
0 0.7772812499999999 0.5294861111111111 0.03478125 0.050597222222222224
0 0.3702578125 0.22283333333333333 0.0208515625 0.04588888888888889
0 0.466515625 0.21293055555555557 0.01503125 0.027430555555555555
0 0.3602578125 0.5626388888888889 0.0178828125 0.03061111111111111
1 0.3813203125 0.03426388888888889 0.037640625 0.06851388888888889
0 0.3941328125 0.029555555555555557 0.0080625 0.014958333333333332
0 0.439265625 0.1668611111111111 0.01209375 0.021833333333333333
1 0.81821875 0.8848472222222222 0.0583125 0.13081944444444443
1 0.682171875 0.8869027777777778 0.0273203125 0.07990277777777778
0 0.6748359374999999 0.8617361111111111 0.015953125000000002 0.03208333333333334
0 0.42865624999999996 0.6749027777777777 0.0177265625 0.03168055555555555