1 0.5451953125 0.21644444444444444 0.17386718750000002 0.19073611111111113
0 0.4105703125 0.2767361111111111 0.0468125 0.08918055555555554
1 0.337796875 0.07575 0.1246796875 0.1515
0 0.0741953125 0.08055555555555556 0.0223984375 0.03970833333333333
0 0.3377734375 0.17836111111111108 0.02521875 0.04683333333333333
1 0.233796875 0.034569444444444444 0.05502343750000001 0.06872222222222221
0 0.397984375 0.11155555555555555 0.028140625000000002 0.044527777777777784
0 0.656015625 0.0806111111111111 0.030093750000000002 0.05915277777777778
0 0.60834375 0.3584861111111111 0.032046875 0.04645833333333334
0 0.1599140625 0.08527777777777777 0.014765625 0.03141666666666667
0 0.25207812500000004 0.07548611111111111 0.026257812499999998 0.03843055555555556
1 0.48892187500000006 0.022694444444444444 0.0642265625 0.04538888888888889
1 0.151 0.05373611111111111 0.025757812499999998 0.04708333333333333
0 0.5333828125 0.06556944444444444 0.01075 0.013902777777777778
0 0.572546875 0.28579166666666667 0.03459375 0.05341666666666667