1 0.2397890625 0.16468055555555555 0.20204687500000001 0.30659722222222224
0 0.34846093749999996 0.2357361111111111 0.031468750000000004 0.05572222222222222
0 0.34860156249999996 0.5290416666666667 0.0689453125 0.11193055555555556
0 0.6082578125 0.6732777777777778 0.0467109375 0.06651388888888889
0 0.6447578125 0.20619444444444446 0.0330703125 0.06168055555555555
0 0.27335937499999996 0.3591944444444444 0.0290859375 0.04847222222222222
0 0.1853125 0.1684027777777778 0.021476562499999997 0.04602777777777778
0 0.07573437499999999 0.19563888888888892 0.021843750000000002 0.04227777777777778
0 0.49789843749999996 0.1589861111111111 0.027640625000000002 0.043152777777777776
0 0.6321015625 0.5790833333333333 0.01965625 0.03165277777777778
0 0.5616171875 0.5452361111111111 0.0330234375 0.05766666666666667
1 0.45660156250000006 0.08306944444444445 0.08158593750000001 0.12088888888888889
1 0.594875 0.4565 0.0997578125 0.1981111111111111
1 0.46464062500000003 0.37386111111111114 0.1696796875 0.3587638888888889
1 0.573046875 0.6121388888888889 0.054429687500000004 0.053500000000000006
1 0.05996875 0.15636111111111112 0.023296875 0.043763888888888894