1 0.38977343750000004 0.9023472222222223 0.07890625 0.19530555555555557
1 0.8512734375000001 0.7206250000000001 0.091109375 0.24522222222222223
1 0.33683593749999996 0.19841666666666669 0.125171875 0.3456388888888889
0 0.352953125 0.6642916666666667 0.018062500000000002 0.04502777777777778
0 0.42559375 0.7896527777777778 0.019921875 0.02947222222222222
0 0.3658671875 0.2754166666666667 0.0208046875 0.04083333333333333
0 0.811359375 0.6587638888888889 0.05493749999999999 0.07936111111111112
0 0.4761171875 0.2801666666666667 0.0087109375 0.027625
0 0.4392578125 0.2270277777777778 0.0095078125 0.02279166666666667
0 0.821078125 0.9826388888888888 0.0379921875 0.034722222222222224
1 0.4404921875 0.2951666666666667 0.087765625 0.24762499999999998