1 0.1045 0.7340138888888889 0.20709375 0.44829166666666664
0 0.314078125 0.5242916666666667 0.06493750000000001 0.07266666666666667
1 0.6052187499999999 0.3769444444444444 0.6465859375 0.6760138888888889
0 0.69990625 0.4229861111111111 0.0503671875 0.066375
0 0.08378125 0.744388888888889 0.06364062499999999 0.10681944444444444
0 0.11788281249999999 0.07609722222222222 0.0171484375 0.03858333333333334
0 0.14484375 0.10768055555555556 0.014000000000000002 0.04147222222222222
0 0.08859375 0.13316666666666666 0.0078984375 0.021680555555555554
0 0.08352343749999999 0.1327222222222222 0.0099765625 0.02340277777777778
1 0.14078125 0.059083333333333335 0.054867187500000004 0.08483333333333333
0 0.24396093749999997 0.24215277777777777 0.0169140625 0.025
0 0.2555625 0.17808333333333334 0.022359375 0.041180555555555554
0 0.7683046874999999 0.3936944444444444 0.07609375 0.09198611111111112
1 0.0833671875 0.1073611111111111 0.0128515625 0.043291666666666666
0 0.247859375 0.1835 0.013507812499999999 0.028