1 0.0345625 0.09497222222222222 0.0688828125 0.1898611111111111
0 0.07960937500000001 0.06956944444444445 0.040445312500000004 0.041694444444444444
0 0.095359375 0.20025 0.029984375 0.03790277777777778
0 0.6619843750000001 0.07152777777777777 0.0467421875 0.07454166666666667
0 0.5955468749999999 0.012624999999999999 0.0366484375 0.025249999999999998
0 0.49790625000000005 0.10648611111111111 0.02371875 0.03702777777777778
0 0.2114140625 0.041375 0.026382812500000002 0.04573611111111111
0 0.18364843749999998 0.03770833333333333 0.017468749999999998 0.025277777777777777
0 0.0146484375 0.22079166666666666 0.029296875 0.027166666666666665
0 0.1431484375 0.01888888888888889 0.0125390625 0.028180555555555556
1 0.5081328125 0.04080555555555555 0.05532812499999999 0.08159722222222222
1 0.6879453125 0.029513888888888888 0.07315625 0.059027777777777776