0 0.397796875 0.07654166666666666 0.0115078125 0.02188888888888889
0 0.7840625 0.444625 0.044164062500000004 0.06073611111111111
0 0.781828125 0.9805555555555555 0.0709453125 0.03888888888888889
1 0.86778125 0.9648194444444443 0.10014843749999999 0.07037500000000001
1 0.5935703125 0.42251388888888886 0.19722656249999998 0.3753472222222222
1 0.371890625 0.4862638888888889 0.051015624999999995 0.096
1 0.2415234375 0.4110694444444445 0.025289062499999997 0.03711111111111111
1 0.13634375 0.38055555555555554 0.018984375 0.059263888888888894
1 0.1633984375 0.06945833333333333 0.03825 0.107375
1 0.21085156249999998 0.059472222222222225 0.0175390625 0.05598611111111111
1 0.2370859375 0.05434722222222223 0.025828125 0.06909722222222223
1 0.2629140625 0.1375138888888889 0.0200078125 0.04533333333333334
1 0.3960390625 0.03797222222222222 0.0108359375 0.042583333333333334
1 0.41577343750000006 0.09143055555555556 0.015921875 0.02640277777777778
0 0.3749765625 0.12183333333333334 0.0093203125 0.015875
0 0.481640625 0.18511111111111112 0.010671875 0.022375
0 0.47396093749999996 0.23180555555555557 0.0083203125 0.016027777777777776
0 0.490109375 0.4286388888888889 0.022921875 0.035055555555555555
0 0.3598671875 0.5246805555555555 0.0313125 0.035819444444444445
0 0.24451562500000001 0.43583333333333335 0.005765625 0.017222222222222222
0 0.1443984375 0.38881944444444444 0.0102265625 0.016791666666666667
0 0.109234375 0.43533333333333335 0.009648437499999999 0.02377777777777778
0 0.21819531250000002 0.17074999999999999 0.0094375 0.01959722222222222
0 0.2630078125 0.15958333333333335 0.00940625 0.016013888888888887
0 0.41440625000000003 0.11297222222222222 0.0118046875 0.024069444444444442
0 0.235875 0.09811111111111111 0.008453125 0.01673611111111111
0 0.214609375 0.09625 0.011414062499999999 0.014916666666666667
0 0.1795546875 0.11673611111111111 0.015890625 0.02022222222222222
0 0.1703984375 0.08194444444444444 0.007124999999999999 0.012027777777777778
1 0.8284062499999999 0.41704166666666664 0.049515625 0.1307361111111111