0 0.9181328125 0.3092638888888889 0.052023437500000005 0.06529166666666666
0 0.974359375 0.338375 0.050164062499999995 0.04463888888888889
0 0.5498671875000001 0.26541666666666663 0.050265625 0.059902777777777784
0 0.387578125 0.3728472222222222 0.0394296875 0.057999999999999996
0 0.2448046875 0.24670833333333334 0.0062265624999999995 0.013986111111111112
0 0.12196875 0.1842777777777778 0.0071015625 0.011069444444444444
0 0.08390625 0.24895833333333334 0.012390624999999999 0.013180555555555556
1 0.7441640625 0.3032777777777778 0.3966484375 0.5898888888888889
1 0.3981796875 0.35974999999999996 0.057796875000000004 0.1619861111111111
1 0.238015625 0.21559722222222222 0.0239609375 0.06881944444444445
1 0.1103515625 0.169125 0.031375 0.0636111111111111
1 0.9747421875000001 0.28291666666666665 0.050523437500000004 0.05472222222222222