1 0.85709375 0.3628611111111111 0.27084375 0.25887499999999997
0 0.33957031249999997 0.23752777777777778 0.0431796875 0.05508333333333333
1 0.4423125 0.172875 0.203078125 0.2003611111111111
0 0.698078125 0.44277777777777777 0.049015625 0.08908333333333333
1 0.286359375 0.3356388888888889 0.0829375 0.09469444444444446
0 0.9569609375000001 0.5162222222222222 0.0316953125 0.04022222222222222
0 0.5556171875 0.07520833333333334 0.0367578125 0.06647222222222222
1 0.061828125 0.41794444444444445 0.0446171875 0.09919444444444445
0 0.2660859375 0.41559722222222223 0.038390625 0.046
0 0.2084609375 0.03584722222222222 0.0158828125 0.01626388888888889
0 0.9163359375000001 0.8182222222222222 0.0383984375 0.053111111111111116
0 0.615734375 0.06527777777777778 0.0653828125 0.07433333333333333
0 0.0604921875 0.4440972222222222 0.0144375 0.022458333333333337