1 0.0331328125 0.10384722222222222 0.066265625 0.20743055555555553
0 0.08715625 0.21451388888888887 0.029218749999999998 0.03972222222222222
0 0.664328125 0.08244444444444445 0.0483984375 0.09044444444444445
0 0.594625 0.016847222222222222 0.0397265625 0.033694444444444444
0 0.4965 0.10983333333333332 0.03225 0.07329166666666667
0 0.0753671875 0.07895833333333334 0.042398437500000004 0.04920833333333333
0 0.21232812499999998 0.048777777777777774 0.025859375 0.03206944444444444
0 0.18240625 0.044736111111111115 0.018 0.03090277777777778
0 0.0123671875 0.23243055555555556 0.024742187500000002 0.035152777777777776
1 0.5136953125 0.042777777777777776 0.0612421875 0.07647222222222222
1 0.6946015625 0.02588888888888889 0.0738359375 0.050083333333333334
1 0.1440390625 0.019680555555555555 0.050453125 0.03934722222222222