1 0.2622265625 0.2432638888888889 0.172296875 0.24068055555555554
1 0.45200781250000005 0.15443055555555554 0.0825546875 0.1313611111111111
0 0.5864921875 0.6153333333333334 0.0341171875 0.05322222222222222
0 0.3762421875 0.5191388888888888 0.0561015625 0.10880555555555556
0 0.11652343750000001 0.26934722222222224 0.015085937499999999 0.03279166666666666
1 0.10120312499999999 0.2318888888888889 0.028484375 0.05369444444444444
0 0.362109375 0.3001388888888889 0.028187499999999997 0.05288888888888889
0 0.5526484375 0.5376805555555555 0.0200546875 0.03231944444444444
0 0.49534374999999997 0.22945833333333335 0.0182421875 0.03801388888888889
0 0.6206953125 0.2644444444444444 0.030195312499999998 0.06348611111111112
0 0.0224921875 0.26502777777777775 0.0199453125 0.03888888888888889
0 0.6079453125 0.5570555555555555 0.012843750000000001 0.01970833333333333
1 0.5780078125 0.4793055555555556 0.058304687499999994 0.08388888888888889
0 0.295640625 0.39202777777777775 0.02425 0.04476388888888889
1 0.34847656250000003 0.44705555555555554 0.0370390625 0.05268055555555556
0 0.21331250000000002 0.24708333333333335 0.0198046875 0.035194444444444445
1 0.4958046875 0.44131944444444443 0.2252734375 0.304875