1 0.29089062499999996 0.20993055555555556 0.17065625 0.22794444444444445
0 0.2392265625 0.21806944444444443 0.0281171875 0.04030555555555555
0 0.39428125 0.46841666666666665 0.054570312499999996 0.09820833333333333
0 0.6056015625 0.5643333333333334 0.0368125 0.05161111111111111
0 0.6442109375 0.22718055555555555 0.0335546875 0.0766388888888889
1 0.5579296874999999 0.4146666666666667 0.1363359375 0.1493611111111111
0 0.0624296875 0.23020833333333332 0.0197578125 0.03576388888888889
0 0.3893359375 0.2658611111111111 0.02615625 0.049124999999999995
0 0.3236875 0.3468333333333333 0.0259296875 0.049569444444444444
0 0.5194765625 0.20066666666666666 0.030671874999999998 0.044486111111111115
0 0.14942187499999998 0.23523611111111112 0.0162578125 0.03880555555555556
1 0.47824218749999997 0.13447222222222222 0.05653125 0.10604166666666666