1 0.37756249999999997 0.10340277777777779 0.0353046875 0.1603611111111111
1 0.1003671875 0.929263888888889 0.05346093750000001 0.13480555555555557
0 0.654859375 0.06980555555555555 0.0189921875 0.031069444444444445
0 0.7721328125 0.6063194444444444 0.025710937499999996 0.06136111111111111
0 0.3226171875 0.060194444444444446 0.012609375 0.022041666666666664
0 0.06283593750000001 0.9851805555555556 0.017085937500000002 0.027875
0 0.5775 0.10272222222222221 0.0089765625 0.020375
0 0.742578125 0.8134722222222223 0.0310859375 0.050013888888888886
0 0.38871875 0.09470833333333332 0.011828125 0.024944444444444446
1 0.6739375 0.07315277777777777 0.0375703125 0.08506944444444445
1 0.5914296875 0.10363888888888889 0.02475 0.06951388888888889
0 0.116234375 0.9015833333333333 0.0108828125 0.016416666666666666
0 0.1281484375 0.8460833333333333 0.013242187499999999 0.028208333333333332