0 0.3981484375 0.33816666666666667 0.025312499999999998 0.032375
0 0.9217656249999999 0.2775694444444444 0.067484375 0.07079166666666667
0 0.9278046874999999 0.9569444444444445 0.1170703125 0.08611111111111111
0 0.5508984375 0.2265416666666667 0.039296874999999995 0.05988888888888889
0 0.2595234375 0.21609722222222222 0.0080390625 0.019666666666666666
0 0.14121875 0.15783333333333333 0.009234375 0.015819444444444445
0 0.10201562500000001 0.2043472222222222 0.015765625 0.03944444444444444
1 0.43709375 0.31056944444444445 0.1116953125 0.23781944444444442
1 0.1356171875 0.14858333333333335 0.025640625 0.05469444444444445
1 0.25728125 0.19780555555555554 0.0208515625 0.05623611111111111
1 0.73740625 0.2962916666666667 0.3581484375 0.588875
1 0.9658515624999999 0.2595694444444444 0.05371875 0.04936111111111111