1 0.5712265624999999 0.4607777777777778 0.268703125 0.29891666666666666
0 0.748234375 0.7750277777777778 0.0506796875 0.07536111111111111
0 0.2981875 0.6735833333333333 0.1997734375 0.22161111111111112
0 0.131515625 0.45279166666666665 0.0413984375 0.08184722222222222
0 0.5588671875 0.1285138888888889 0.024984375 0.03311111111111111
0 0.1892109375 0.21537499999999998 0.0480390625 0.08170833333333333
0 0.6363203125 0.6204722222222222 0.04246875 0.060000000000000005
0 0.6851875 0.5835416666666666 0.02284375 0.050513888888888886
0 0.3441953125 0.0639861111111111 0.0511953125 0.06183333333333334
1 0.0611953125 0.2314861111111111 0.12239843749999998 0.4629583333333333
1 0.29035937500000003 0.03125 0.0677109375 0.0625