1 0.1756171875 0.15133333333333332 0.2543359375 0.30268055555555556
0 0.0378046875 0.7468472222222222 0.0711953125 0.12302777777777778
0 0.30174218750000004 0.3414861111111111 0.0405546875 0.06919444444444445
0 0.895296875 0.4171111111111111 0.043265625 0.06215277777777778
1 0.5349609375 0.06048611111111111 0.0947734375 0.12070833333333333
0 0.11670312499999999 0.10556944444444445 0.0346171875 0.09108333333333334
1 0.020398437499999998 0.35980555555555555 0.0408046875 0.09380555555555556
1 0.8629453125 0.328 0.0787421875 0.11043055555555556
1 0.45375781249999997 0.035347222222222224 0.0193359375 0.03295833333333333
0 0.5843203124999999 0.15369444444444444 0.0265859375 0.06575
1 0.023578125 0.6171805555555555 0.04715625 0.14781944444444445
1 0.788390625 0.24344444444444444 0.027414062500000003 0.041527777777777775