1 0.46964843749999996 0.34952777777777777 0.07621875 0.28918055555555555
1 0.8837734375 0.8733472222222222 0.0832578125 0.16948611111111112
1 0.3413984375 0.36269444444444443 0.1003125 0.23255555555555554
0 0.8405156249999999 0.790888888888889 0.036296875 0.07731944444444444
0 0.392984375 0.3123194444444444 0.019984375 0.041277777777777774
1 0.41417187499999997 0.08980555555555556 0.041335937499999996 0.10223611111111111
1 0.41593749999999996 0.9438611111111112 0.05780468749999999 0.11229166666666666
0 0.4357421875 0.8880694444444444 0.0205546875 0.03179166666666667
0 0.369375 0.7252916666666667 0.0179296875 0.02698611111111111
0 0.4682734375 0.2567638888888889 0.009625 0.020652777777777777
0 0.5018281250000001 0.3140833333333333 0.012148437500000001 0.029375
0 0.42878125 0.08965277777777778 0.0108828125 0.017972222222222223