1 0.07963281250000001 0.8387222222222223 0.07759374999999999 0.23980555555555555
0 0.06448437500000001 0.8207500000000001 0.02496875 0.04002777777777778
0 0.730484375 0.4203194444444444 0.026523437500000004 0.033819444444444444
1 0.2436875 0.9149861111111111 0.0728359375 0.16106944444444443
0 0.705703125 0.5880416666666667 0.0221640625 0.03931944444444444
1 0.3686640625 0.07997222222222222 0.031117187499999997 0.09498611111111112
0 0.5476328125000001 0.06431944444444444 0.0109921875 0.02322222222222222
0 0.6125546875000001 0.03718055555555556 0.01759375 0.02748611111111111
0 0.12213281250000001 0.7255277777777778 0.0328125 0.0751388888888889
0 0.26887500000000003 0.8810416666666667 0.013796875 0.04727777777777778
0 0.312765625 0.061138888888888895 0.013007812499999999 0.01659722222222222
1 0.6309218750000001 0.03890277777777778 0.025390625 0.05552777777777777