1 0.6044375 0.33483333333333337 0.061312500000000006 0.13402777777777777
0 0.2198046875 0.28905555555555557 0.026710937499999997 0.04838888888888889
1 0.16024218750000002 0.30069444444444443 0.1006875 0.1852777777777778
1 0.7750234375 0.24583333333333332 0.0786953125 0.22379166666666667
0 0.12242968750000001 0.22526388888888887 0.0261484375 0.04097222222222222
0 0.729890625 0.2513888888888889 0.0384140625 0.06559722222222222
0 0.579421875 0.3297638888888889 0.0235234375 0.03733333333333333
0 0.6724140625 0.009055555555555555 0.0471484375 0.018083333333333333
1 0.061789062500000005 0.5107777777777778 0.0615 0.14665277777777777
1 0.882296875 0.290625 0.0397265625 0.06140277777777778
1 0.09140625 0.23281944444444444 0.0451484375 0.14258333333333334
1 0.0541953125 0.5463749999999999 0.0371875 0.06779166666666667
1 0.088734375 0.19229166666666664 0.0314765625 0.04731944444444444
1 0.1570390625 0.45770833333333333 0.0265703125 0.04783333333333333