1 0.5792265624999999 0.5359444444444444 0.4688359375 0.9281111111111111
0 0.563515625 0.8474305555555556 0.089296875 0.17122222222222222
1 0.9123359375 0.14484722222222224 0.08653125 0.21865277777777778
0 0.853203125 0.2519166666666667 0.026039062499999998 0.034125
1 0.7951640624999999 0.21193055555555557 0.0578125 0.13102777777777777
0 0.980046875 0.39526388888888886 0.039359375 0.07548611111111111
0 0.37399218749999996 0.22869444444444445 0.025757812499999998 0.03255555555555556
0 0.38234375 0.05634722222222222 0.0204609375 0.035819444444444445
0 0.8237734375000001 0.27944444444444444 0.0133046875 0.020847222222222222
0 0.009273437499999999 0.5185972222222222 0.0184609375 0.07294444444444445
0 0.7725546875 0.2669722222222222 0.014734375 0.020888888888888887
0 0.9909296875000001 0.6805972222222222 0.0169921875 0.08587499999999999