1 0.5481953125000001 0.3804861111111111 0.145390625 0.32487499999999997
0 0.7684375 0.43234722222222227 0.04815625 0.057402777777777775
1 0.36691406249999997 0.47205555555555556 0.0452265625 0.14190277777777777
0 0.7633515625 0.9572361111111112 0.0667890625 0.08552777777777777
0 0.256859375 0.158 0.0076171875 0.012069444444444443
0 0.2278984375 0.0955 0.0096953125 0.013222222222222222
1 0.15687500000000001 0.05609722222222222 0.0479765625 0.11193055555555556
0 0.40367968750000005 0.1088888888888889 0.0089140625 0.01977777777777778
0 0.1715078125 0.11643055555555555 0.0143125 0.017722222222222223
0 0.48108593749999995 0.43195833333333333 0.02609375 0.03754166666666667
0 0.389546875 0.07176388888888889 0.0125546875 0.026208333333333333
0 0.36846875 0.11915277777777779 0.0057890625 0.011041666666666667
1 0.13309375 0.38173611111111116 0.0199296875 0.05644444444444444
0 0.35274218749999997 0.5167916666666666 0.0230546875 0.03713888888888889
0 0.207859375 0.09256944444444445 0.005828125 0.011
0 0.23976562499999998 0.43259722222222224 0.006640625 0.012430555555555554
1 0.25446875 0.1342361111111111 0.0182734375 0.045166666666666674
0 0.1081953125 0.44040277777777775 0.0055078125 0.011013888888888889
1 0.24028125 0.4149305555555556 0.021367187500000002 0.042583333333333334
1 0.22038281249999997 0.05393055555555555 0.041921875 0.06890277777777777
0 0.21326562500000001 0.16447222222222221 0.0072734375 0.014208333333333333
1 0.3878828125 0.03395833333333333 0.0172578125 0.04672222222222222
0 0.46428906249999996 0.22852777777777777 0.00821875 0.01983333333333333
1 0.9632343750000001 0.9698472222222222 0.07353125 0.06030555555555556
0 0.1423671875 0.3924583333333333 0.008171875 0.015152777777777777