1 0.8297968750000001 0.8454722222222222 0.34040625 0.30904166666666666
0 0.6569140625000001 0.7775138888888888 0.0635234375 0.08151388888888889
0 0.075015625 0.5151527777777778 0.0258359375 0.044055555555555556
0 0.670484375 0.11491666666666665 0.0184140625 0.031055555555555555
1 0.10789843750000001 0.46058333333333334 0.0493515625 0.13831944444444444
0 0.43565624999999997 0.8910972222222223 0.043453124999999995 0.07022222222222223
0 0.6579921875 0.2398472222222222 0.02175 0.03584722222222222
1 0.26696875000000003 0.5789722222222222 0.05778124999999999 0.19569444444444445
0 0.2739296875 0.5452222222222223 0.012687499999999999 0.024125
0 0.1307109375 0.42275 0.02178125 0.06076388888888889
1 0.4447265625 0.9592083333333333 0.0828125 0.08159722222222222