1 0.3376796875 0.09665277777777778 0.1316796875 0.18712499999999999
0 0.41291406249999996 0.33240277777777777 0.048820312500000004 0.09475
0 0.340234375 0.223625 0.0276484375 0.05408333333333333
0 0.6180078124999999 0.4229861111111111 0.035296875 0.05204166666666667
0 0.258625 0.10418055555555557 0.0224921875 0.03975
0 0.16475 0.11870833333333333 0.0179296875 0.037125
0 0.4023671875 0.14645833333333333 0.029328125 0.04861111111111111
0 0.0804296875 0.11522222222222221 0.0159140625 0.035111111111111114
0 0.6678515625 0.13979166666666668 0.0210703125 0.025958333333333337
0 0.5332109375 0.09122222222222223 0.0273203125 0.03977777777777778
0 0.5827890625000001 0.3519861111111111 0.0271328125 0.05063888888888889
1 0.5466328125000001 0.250625 0.1931953125 0.21170833333333333
1 0.507015625 0.03819444444444445 0.04065625 0.0763888888888889
0 0.6406796875 0.3783333333333333 0.0155078125 0.03036111111111111