1 0.749671875 0.4258888888888889 0.2893203125 0.48494444444444446
0 0.9735625000000001 0.431 0.0528828125 0.07704166666666666
0 0.44299218749999997 0.4946666666666667 0.045421875 0.08358333333333333
1 0.26384375000000004 0.31783333333333336 0.041578125 0.1305
0 0.586203125 0.3669444444444444 0.0389609375 0.06090277777777778
1 0.4628203125 0.473375 0.10989843749999999 0.202375
0 0.1004296875 0.3351805555555556 0.019625 0.03979166666666666
1 0.523921875 0.6409166666666667 0.052953125000000004 0.1046111111111111
1 0.1283359375 0.2844861111111111 0.029367187500000003 0.09298611111111112
0 0.2727265625 0.32119444444444445 0.0103671875 0.018569444444444444
0 0.5507187499999999 0.006111111111111111 0.02015625 0.01172222222222222
0 0.13441406250000001 0.261375 0.015617187499999999 0.027694444444444445