1 0.84115625 0.7307777777777777 0.3176953125 0.5306527777777778
1 0.9071328125000001 0.3040555555555555 0.13334375 0.19027777777777777
1 0.42043749999999996 0.8073472222222222 0.17764843749999998 0.38531944444444444
0 0.6123125 0.27655555555555555 0.0235390625 0.03158333333333333
0 0.65675 0.6982361111111112 0.05215625 0.09480555555555556
1 0.16078125000000001 0.5828472222222222 0.11071093750000001 0.15015277777777777
0 0.223140625 0.5851388888888889 0.0127109375 0.024166666666666666
0 0.0078125 0.5723472222222222 0.015625 0.025430555555555553
0 0.0800546875 0.48819444444444443 0.011757812500000001 0.02361111111111111
0 0.2238671875 0.0937638888888889 0.0171171875 0.020805555555555556
0 0.254984375 0.15830555555555556 0.013468749999999998 0.020194444444444442
0 0.3097890625 0.14620833333333333 0.017140625 0.020097222222222225
0 0.293546875 0.07411111111111111 0.0086171875 0.014972222222222222
0 0.268484375 0.06890277777777777 0.007953125 0.018430555555555554
0 0.45853124999999995 0.10583333333333333 0.00690625 0.020972222222222222
0 0.4900703125 0.04429166666666667 0.019203124999999998 0.050291666666666665
0 0.510484375 0.08786111111111111 0.0112109375 0.04348611111111111
0 0.6228359375 0.19073611111111113 0.030820312500000002 0.04559722222222222
1 0.306734375 0.11109722222222221 0.029109375 0.04518055555555556
1 0.2759921875 0.03559722222222222 0.052054687499999995 0.07118055555555555
1 0.197046875 0.041666666666666664 0.06880468749999999 0.08333333333333333
0 0.22135937499999997 0.05006944444444444 0.0103984375 0.010972222222222223
1 0.037109375 0.4939583333333333 0.07421875 0.1511111111111111