0 0.35612499999999997 0.5977916666666667 0.08542187500000001 0.13041666666666668
1 0.08596875000000001 0.17591666666666667 0.17192968749999998 0.3471111111111111
0 0.1536796875 0.39081944444444444 0.047367187500000005 0.07095833333333333
0 0.713328125 0.6344583333333333 0.05150781250000001 0.06644444444444444
0 0.545546875 0.11649999999999999 0.024171875000000002 0.028791666666666667
0 0.1938125 0.20104166666666667 0.0528671875 0.07101388888888889
0 0.26452343749999996 0.5260694444444444 0.020328125 0.03190277777777777
1 0.38959375 0.15120833333333333 0.10190625 0.1341388888888889
1 0.5792265624999999 0.45263888888888887 0.22745312499999998 0.2906111111111111
0 0.33806250000000004 0.058875000000000004 0.0304453125 0.025152777777777777
0 0.19732812500000002 0.20809722222222224 0.033984375 0.047375
0 0.2964453125 0.48768055555555556 0.0216953125 0.034027777777777775
1 0.24953124999999998 0.44976388888888885 0.0886875 0.09583333333333334
0 0.617484375 0.5294305555555555 0.028054687499999998 0.03836111111111111