0 0.47471874999999997 0.4035277777777778 0.034171875000000004 0.041874999999999996
0 0.1507109375 0.8294583333333334 0.043289062499999996 0.05175
1 0.3098359375 0.35101388888888885 0.2963828125 0.4087222222222222
0 0.4525390625 0.3500972222222222 0.024125 0.029569444444444443
0 0.444359375 0.23251388888888888 0.01240625 0.02719444444444444
1 0.0687890625 0.04426388888888889 0.0754765625 0.08854166666666667
0 0.347875 0.3870972222222222 0.032421875 0.043916666666666666
1 0.0968125 0.8306527777777778 0.05450000000000001 0.18369444444444444
1 0.0759140625 0.5155416666666667 0.058382812500000006 0.11395833333333333
1 0.2296875 0.05095833333333333 0.061828125 0.06733333333333333
1 0.090734375 0.8978750000000001 0.025773437500000003 0.02723611111111111