1 0.3333046875 0.24680555555555553 0.0811015625 0.20772222222222222
1 0.830328125 0.6342916666666667 0.0668046875 0.2046111111111111
1 0.44416406249999996 0.25277777777777777 0.0731796875 0.20183333333333334
0 0.4683359375 0.24322222222222223 0.0186796875 0.03252777777777778
0 0.7890703125 0.597875 0.040703125 0.05884722222222222
0 0.36771875 0.2562222222222222 0.02165625 0.03808333333333334
1 0.3834453125 0.04556944444444445 0.0347109375 0.08768055555555555
0 0.3573359375 0.6138055555555556 0.0190859375 0.03308333333333333
1 0.40944531250000005 0.8025416666666667 0.0656484375 0.15398611111111113
0 0.79925 0.9217222222222222 0.029249999999999998 0.050458333333333334
0 0.6842265624999999 0.9407361111111112 0.0168828125 0.038875
1 0.8268828125000001 0.9508194444444444 0.044140625 0.09145833333333332