0 0.8463906250000001 0.6318611111111111 0.0557109375 0.10401388888888889
0 0.5057890625 0.8761249999999999 0.0663046875 0.13502777777777777
0 0.303046875 0.1942361111111111 0.0528828125 0.06252777777777778
1 0.4095703125 0.9135972222222222 0.25956250000000003 0.17280555555555555
0 0.0173203125 0.6358194444444445 0.0341796875 0.085
0 0.8515703125 0.3295416666666667 0.0508203125 0.08076388888888889
0 0.7305625 0.18740277777777778 0.0153828125 0.025069444444444446
0 0.76390625 0.15025000000000002 0.0278125 0.023583333333333335
1 0.9192734375 0.6074027777777777 0.16146093749999998 0.3675833333333334
0 0.69065625 0.17141666666666666 0.0167265625 0.03263888888888889
1 0.7016953125 0.10669444444444444 0.039320312499999996 0.12920833333333334