0 0.92675 0.28844444444444445 0.0734140625 0.06520833333333334
1 0.6683984374999999 0.25706944444444446 0.25949218749999997 0.48093055555555553
0 0.8936796875 0.9400138888888888 0.10262500000000001 0.11384722222222222
0 0.556828125 0.24380555555555555 0.0333984375 0.04674999999999999
0 0.40809375000000003 0.3368055555555556 0.027921875000000002 0.050555555555555555
1 0.43471093749999995 0.31248611111111113 0.0790078125 0.11836111111111111
1 0.17065625 0.15404166666666666 0.015445312499999999 0.036944444444444446
1 0.28046875 0.19191666666666668 0.025007812499999997 0.08837500000000001
0 0.1762734375 0.16458333333333333 0.01203125 0.018055555555555554
0 0.1383515625 0.21005555555555558 0.0123671875 0.024347222222222225
0 0.28205468749999996 0.22431944444444443 0.00821875 0.014430555555555556