1 0.9192500000000001 0.8942916666666666 0.160203125 0.21141666666666667
1 0.6443046875 0.688125 0.1588359375 0.2162638888888889
0 0.728703125 0.7665416666666667 0.02425 0.03894444444444444
0 0.5298203125 0.26579166666666665 0.005609375 0.009708333333333334
1 0.5106328125 0.6384166666666667 0.0297734375 0.04429166666666667
0 0.811421875 0.2678611111111111 0.0369921875 0.07715277777777778
0 0.022875 0.2701388888888889 0.012390624999999999 0.018611111111111113
1 0.47903124999999996 0.7276944444444445 0.031406250000000004 0.04113888888888889
1 0.6046953125 0.8118333333333333 0.0163125 0.025277777777777777
0 0.708015625 0.6570138888888889 0.0059375 0.009791666666666667
1 0.76515625 0.14665277777777777 0.1255234375 0.17984722222222224