1 0.927109375 0.33319444444444446 0.0716796875 0.10276388888888888
1 0.586421875 0.2653888888888889 0.0764296875 0.10333333333333335
0 0.9701718749999999 0.3990138888888889 0.026632812500000002 0.04527777777777778
0 0.8289453124999999 0.5022638888888888 0.02353125 0.03201388888888889
0 0.823078125 0.32169444444444445 0.017468749999999998 0.022
0 0.6229921875 0.332625 0.0133359375 0.01948611111111111
0 0.5351640625 0.28883333333333333 0.014585937500000002 0.02225
1 0.791765625 0.2912638888888889 0.0439765625 0.048138888888888884
0 0.6612578124999999 0.2157638888888889 0.020429687499999998 0.03823611111111111
0 0.365984375 0.43956944444444446 0.025570312499999998 0.02672222222222222
1 0.50096875 0.2417222222222222 0.05582812499999999 0.07236111111111111
1 0.60625 0.13451388888888888 0.1036328125 0.10141666666666665
1 0.34114062500000003 0.41605555555555557 0.038320312499999995 0.06063888888888888
1 0.7558984375 0.1415 0.077921875 0.08279166666666667
1 0.773359375 0.45545833333333335 0.0929296875 0.08211111111111111
1 0.567015625 0.1749861111111111 0.0425234375 0.025861111111111112
1 0.725515625 0.3390416666666667 0.03875 0.05648611111111111
1 0.847890625 0.35025 0.039328125000000005 0.03973611111111111
0 0.1485859375 0.34779166666666667 0.0121328125 0.017791666666666667
1 0.1258046875 0.31943055555555555 0.029476562499999998 0.05745833333333333
1 0.44475781249999996 0.21380555555555555 0.0198203125 0.046875
0 0.102390625 0.22593055555555555 0.0064453125 0.009916666666666666
1 0.4437109375 0.2679861111111111 0.0187421875 0.015361111111111112