0 0.9695078125000001 0.39665277777777774 0.02946875 0.04248611111111111
0 0.09829687499999999 0.47977777777777775 0.036867187499999995 0.08277777777777778
1 0.67690625 0.1532638888888889 0.030882812500000002 0.044375
1 0.5486015625 0.5896527777777778 0.0513046875 0.2023472222222222
1 0.9092968750000001 0.2072638888888889 0.102640625 0.1824861111111111
0 0.71640625 0.43858333333333327 0.0272890625 0.07268055555555555
0 0.5448515625 0.7404999999999999 0.043679687499999995 0.05516666666666666
1 0.123609375 0.29375 0.08971875 0.31366666666666665
1 0.6991328125 0.298375 0.08346875000000001 0.19279166666666667
0 0.3848984375 0.13093055555555555 0.0109296875 0.04513888888888889
0 0.10611718750000002 0.16681944444444444 0.015492187499999999 0.023916666666666666
1 0.9583828125 0.3444305555555556 0.044234375 0.046125
1 0.7236875 0.07995833333333334 0.04309375 0.07876388888888888
0 0.7761328125 0.13194444444444445 0.010671875 0.04816666666666666
1 0.17421875 0.11931944444444444 0.02021875 0.03559722222222222
0 0.5397421875 0.46115277777777774 0.0125859375 0.01875
1 0.7121875 0.3753611111111111 0.0231875 0.045166666666666674
1 0.1161015625 0.07202777777777777 0.038140625 0.14404166666666665