0 0.28211718750000003 0.8638750000000001 0.033421875000000004 0.05175
1 0.426078125 0.5340277777777778 0.1431640625 0.24430555555555555
0 0.349234375 0.6111111111111112 0.02284375 0.04390277777777778
0 0.3900703125 0.31366666666666665 0.02446875 0.03936111111111111
1 0.3161796875 0.10304166666666667 0.0706015625 0.07786111111111112
0 0.7046953125 0.2581388888888889 0.010265625 0.019027777777777775
1 0.553109375 0.13527777777777777 0.056109374999999996 0.050361111111111106
1 0.632328125 0.04665277777777778 0.043453124999999995 0.07512500000000001
1 0.444421875 0.2675 0.0643984375 0.08402777777777778
0 0.9197656249999999 0.429875 0.009585937499999999 0.013944444444444443
0 0.1714453125 0.4352638888888889 0.0246953125 0.024125
1 0.623125 0.49068055555555556 0.030257812499999998 0.04552777777777778
1 0.8012578124999999 0.600875 0.076734375 0.09084722222222222
1 0.494640625 0.02126388888888889 0.0359296875 0.042513888888888886
1 0.551953125 0.4573333333333333 0.0314140625 0.044583333333333336
1 0.2024765625 0.396375 0.0486796875 0.051861111111111115
1 0.462234375 0.11181944444444446 0.023429687499999997 0.03334722222222222
1 0.95015625 0.41205555555555556 0.035875000000000004 0.03331944444444444
1 0.8499921875 0.14625 0.0246875 0.03929166666666666
1 0.3245703125 0.8225555555555556 0.0656640625 0.139625
1 0.77871875 0.1904861111111111 0.0423203125 0.05302777777777778
1 0.635703125 0.6375833333333334 0.045828125 0.08784722222222222
1 0.9279531249999999 0.5752638888888889 0.0263125 0.033513888888888885
1 0.41521875 0.35518055555555555 0.037734375 0.04713888888888888
1 0.84203125 0.17479166666666665 0.0364765625 0.034194444444444444
1 0.47776562499999997 0.7769444444444444 0.20979687500000002 0.21126388888888892