0 0.1575859375 0.5617222222222222 0.023296875 0.037986111111111116
0 0.1714375 0.42538888888888887 0.0153046875 0.030569444444444448
0 0.8303437499999999 0.6052083333333333 0.015070312499999999 0.019430555555555555
0 0.4155703125 0.12022222222222223 0.010640624999999999 0.017263888888888888
1 0.22600781250000002 0.15618055555555557 0.0718671875 0.04819444444444445
0 0.168390625 0.20725 0.0172421875 0.028333333333333332
0 0.00503125 0.33155555555555555 0.009953125 0.02086111111111111
1 0.8751953125 0.5550277777777778 0.059625 0.07062500000000001
1 0.43624999999999997 0.4425 0.021734375 0.03768055555555556
1 0.28807031250000004 0.2795 0.1383125 0.12793055555555555
0 0.5531796875 0.22343055555555555 0.0137578125 0.02026388888888889
1 0.257234375 0.4696666666666667 0.173640625 0.155375
1 0.18226562500000001 0.3555138888888889 0.033375 0.09884722222222223
1 0.57090625 0.20968055555555556 0.0438515625 0.04002777777777778