0 0.19465625 0.4150555555555555 0.017570312499999997 0.03745833333333333
0 0.7948906250000001 0.5779166666666667 0.014499999999999999 0.016944444444444443
1 0.25486718750000004 0.3457777777777778 0.1211328125 0.16681944444444444
0 0.19039843750000002 0.5419722222222223 0.0248515625 0.03915277777777778
1 0.8223593749999999 0.5452777777777779 0.0265859375 0.042944444444444445
0 0.4203984375 0.12825 0.008046875 0.01888888888888889
0 0.1957578125 0.20890277777777777 0.027609375000000002 0.03877777777777778
0 0.0330625 0.32993055555555556 0.018562500000000003 0.027041666666666665
0 0.5467890625 0.23158333333333334 0.0079453125 0.012916666666666668
1 0.0800234375 0.2825138888888889 0.073640625 0.0922361111111111
1 0.2222578125 0.17850000000000002 0.0610390625 0.060347222222222226
1 0.2808125 0.48448611111111106 0.1775625 0.09143055555555556