0 0.498046875 0.6782222222222222 0.029867187499999996 0.05977777777777778
1 0.6203984375 0.5586388888888889 0.2314765625 0.22141666666666665
0 0.2516171875 0.44387499999999996 0.028585937500000002 0.041027777777777774
0 0.8238125000000001 0.24322222222222223 0.014726562500000002 0.01851388888888889
1 0.6730078125000001 0.3343333333333333 0.0354609375 0.044722222222222226
1 0.44529687500000004 0.05063888888888889 0.059390624999999996 0.06787499999999999
1 0.6018046874999999 0.059166666666666666 0.0503828125 0.04763888888888888
1 0.6683828125 0.11229166666666666 0.072453125 0.08118055555555556
1 0.9525781249999999 0.112625 0.0340625 0.035458333333333335
0 0.47664062500000004 0.30656944444444445 0.017218749999999998 0.04186111111111111
1 0.36638281250000004 0.0954861111111111 0.0275546875 0.03977777777777778
1 0.9094218749999999 0.51075 0.0498359375 0.051194444444444445
1 0.519578125 0.26781944444444444 0.07190625 0.08719444444444445
1 0.680859375 0.8894722222222222 0.17392968749999999 0.22106944444444443
1 0.7494375 0.09091666666666666 0.033195312500000004 0.035555555555555556
1 0.8574531249999999 0.9048055555555556 0.10107031250000001 0.08641666666666667
1 0.8908828124999999 0.18406944444444445 0.0459765625 0.05070833333333333
1 0.670453125 0.4383611111111111 0.0382578125 0.08265277777777777
1 0.76121875 0.4870555555555556 0.0350234375 0.05355555555555556
1 0.8827812500000001 0.9842638888888888 0.028914062499999997 0.03148611111111111
1 0.3655625 0.3537083333333333 0.17289062500000002 0.16883333333333334