1 0.4115078125 0.9635 0.0666171875 0.07300000000000001
1 0.7035234375 0.4673194444444445 0.0358046875 0.05472222222222222
1 0.8922890625000001 0.980138888888889 0.05450000000000001 0.03972222222222222
1 0.7411953125 0.7327638888888889 0.0326015625 0.04577777777777778
1 0.6851484375 0.7186388888888888 0.03409375 0.049972222222222216
0 0.4738125 0.5265416666666667 0.02103125 0.04759722222222223
1 0.955859375 0.9038194444444444 0.029703125000000004 0.05184722222222222
1 0.8971328125 0.8688333333333332 0.035640624999999995 0.04686111111111112
1 0.8419531250000001 0.9066111111111111 0.031570312499999996 0.04040277777777778
0 0.45784375 0.469625 0.0243828125 0.05595833333333333
1 0.6977421875 0.6430138888888889 0.036046875 0.05695833333333333
1 0.8309218749999999 0.6768333333333333 0.033140625 0.04623611111111111
1 0.976796875 0.6888888888888889 0.026515624999999998 0.04201388888888889
1 0.76234375 0.5597916666666667 0.031820312499999996 0.08019444444444444
1 0.8142578125 0.7485833333333334 0.16241406249999998 0.2140138888888889
1 0.79403125 0.4925694444444444 0.0323359375 0.049
1 0.8341171875000001 0.7438750000000001 0.03728125 0.04095833333333333