0 0.9131756756756757 0.6769005847953217 0.03986486486486487 0.06725146198830409
0 0.668918918918919 0.6878654970760234 0.07837837837837838 0.15058479532163743
0 0.5084459459459459 0.5957602339181286 0.04121621621621622 0.1388888888888889
0 0.566554054054054 0.27485380116959063 0.03986486486486487 0.05263157894736842
0 0.6456081081081081 0.2097953216374269 0.020945945945945947 0.04824561403508772
0 0.8074324324324325 0.3128654970760234 0.025675675675675677 0.05263157894736842
1 0.5581081081081081 0.49488304093567254 0.0918918918918919 0.22076023391812866
1 0.7449324324324325 0.5957602339181286 0.16418918918918918 0.36403508771929827
1 0.9554054054054054 0.6410818713450293 0.06891891891891892 0.1388888888888889
1 0.8429054054054054 0.1871345029239766 0.06959459459459459 0.1695906432748538
1 0.6810810810810811 0.16301169590643275 0.05 0.0891812865497076
1 0.5702702702702702 0.20760233918128654 0.08513513513513514 0.13450292397660818