1 0.39594594594594595 0.3896198830409357 0.10405405405405406 0.25
1 0.5868243243243243 0.3347953216374269 0.16283783783783784 0.34502923976608185
1 0.7527027027027027 0.29385964912280704 0.0972972972972973 0.09649122807017543
1 0.6047297297297297 0.03654970760233918 0.025675675675675677 0.07309941520467836
1 0.4608108108108108 0.029239766081871343 0.05405405405405406 0.05847953216374269
1 0.35202702702702704 0.07309941520467836 0.09864864864864865 0.14327485380116958
0 0.36283783783783785 0.543859649122807 0.05540540540540541 0.0935672514619883
0 0.5405405405405406 0.5226608187134503 0.07432432432432433 0.15058479532163743
0 0.7304054054054054 0.35964912280701755 0.03513513513513514 0.07017543859649122
0 0.6037162162162162 0.08991228070175439 0.027702702702702704 0.05701754385964912
0 0.3675675675675676 0.16301169590643275 0.03648648648648649 0.04532163742690058