1 0.40202702702702703 0.5190058479532164 0.10540540540540541 0.18128654970760233
1 0.620945945945946 0.6330409356725146 0.2391891891891892 0.4152046783625731
1 0.8861486486486486 0.7441520467836257 0.10067567567567567 0.21052631578947367
1 0.7972972972972973 0.16666666666666666 0.06756756756756757 0.3216374269005848
1 0.6523648648648649 0.17763157894736842 0.06959459459459459 0.11257309941520467
1 0.5010135135135135 0.21198830409356725 0.07094594594594594 0.13450292397660818
0 0.36655405405405406 0.6301169590643275 0.05878378378378379 0.0935672514619883
0 0.5155405405405405 0.7719298245614035 0.08648648648648649 0.22807017543859648
0 0.8378378378378378 0.7909356725146199 0.07297297297297298 0.11695906432748537
0 0.7668918918918919 0.33771929824561403 0.031081081081081083 0.0935672514619883
0 0.6125 0.22660818713450293 0.03175675675675676 0.043859649122807015
0 0.5 0.2945906432748538 0.031081081081081083 0.059941520467836254