0 0.36486486486486486 0.5840643274853801 0.041891891891891894 0.07163742690058479
0 0.4685810810810811 0.7383040935672515 0.06959459459459459 0.19005847953216373
0 0.793581081081081 0.8896198830409356 0.06418918918918919 0.11257309941520467
0 0.7925675675675675 0.43128654970760233 0.031081081081081083 0.07894736842105263
0 0.6472972972972973 0.2733918128654971 0.031081081081081083 0.05555555555555555
0 0.5398648648648648 0.2997076023391813 0.03783783783783784 0.07894736842105263
1 0.4064189189189189 0.5043859649122807 0.0831081081081081 0.17251461988304093
1 0.5641891891891891 0.6798245614035088 0.15945945945945947 0.3216374269005848
1 0.8435810810810811 0.8523391812865497 0.09527027027027027 0.2631578947368421
1 0.8212837837837837 0.2807017543859649 0.07094594594594594 0.22807017543859648
1 0.6912162162162162 0.24707602339181287 0.06756756756756757 0.11695906432748537
1 0.539527027027027 0.20760233918128654 0.05878378378378379 0.13450292397660818