0 0.3638513513513513 0.5862573099415205 0.03310810810810811 0.06725146198830409
1 0.3935810810810811 0.5175438596491229 0.07094594594594594 0.18421052631578946
0 0.5388513513513513 0.3055555555555556 0.03310810810810811 0.029239766081871343
0 0.6452702702702703 0.2807017543859649 0.031081081081081083 0.049707602339181284
0 0.47128378378378377 0.7331871345029239 0.0777027027027027 0.11257309941520467
0 0.7875 0.8801169590643275 0.06554054054054054 0.0935672514619883
0 0.793581081081081 0.44590643274853803 0.03581081081081081 0.06432748538011696
1 0.5425675675675675 0.6410818713450293 0.17162162162162162 0.35526315789473684
1 0.5388513513513513 0.24342105263157895 0.06013513513513514 0.1388888888888889
1 0.6851351351351351 0.2580409356725146 0.062162162162162166 0.12426900584795321
1 0.8118243243243243 0.3165204678362573 0.05878378378378379 0.2324561403508772
1 0.8195945945945946 0.8559941520467836 0.12972972972972974 0.21783625730994152