1 0.4922297297297297 0.48757309941520466 0.08851351351351351 0.22076023391812866
1 0.5310810810810811 0.20029239766081872 0.05540540540540541 0.10526315789473684
1 0.6557432432432433 0.15570175438596492 0.06554054054054054 0.097953216374269
1 0.8118243243243243 0.13669590643274854 0.06283783783783783 0.25584795321637427
1 0.925 0.6345029239766082 0.09864864864864865 0.17251461988304093
1 0.6712837837837838 0.5657894736842105 0.20067567567567568 0.4152046783625731
0 0.4516891891891892 0.5942982456140351 0.05202702702702703 0.14181286549707603
0 0.6108108108108108 0.6820175438596491 0.08648648648648649 0.1388888888888889
0 0.8712837837837838 0.6769005847953217 0.046621621621621624 0.06725146198830409
0 0.7780405405405405 0.31067251461988304 0.015540540540540541 0.06286549707602339
0 0.6195945945945946 0.1966374269005848 0.041891891891891894 0.05116959064327485
0 0.5317567567567567 0.260233918128655 0.02972972972972973 0.038011695906432746