1 0.5697890625 0.3975694444444444 0.024625 0.05541666666666666
0 0.16864062500000002 0.5730555555555555 0.023453125 0.026375
0 0.742890625 0.4524583333333333 0.02403125 0.027208333333333334
0 0.48743749999999997 0.6210694444444445 0.029390624999999997 0.04658333333333333
0 0.577859375 0.44104166666666667 0.0099921875 0.024194444444444446
0 0.6278984375000001 0.3224861111111111 0.008296874999999999 0.01615277777777778
0 0.44609375 0.31893055555555555 0.0107421875 0.01963888888888889
0 0.14161718750000002 0.35459722222222223 0.0124765625 0.018597222222222223
1 0.458828125 0.5685694444444445 0.06281250000000001 0.09134722222222222
1 0.7398359375 0.4196944444444445 0.033210937499999996 0.047125
1 0.8560234375 0.31277777777777777 0.019578125 0.04168055555555556
1 0.1536328125 0.5462638888888889 0.032796874999999996 0.03901388888888889
0 0.86453125 0.3325 0.013984374999999999 0.022194444444444444