0 0.618328125 0.22833333333333333 0.027664062499999996 0.033125
1 0.45502343749999996 0.18255555555555555 0.029429687500000003 0.06415277777777778
0 0.0375078125 0.39234722222222224 0.028445312499999997 0.034194444444444444
0 0.3774140625 0.41236111111111107 0.0291015625 0.049902777777777775
0 0.32927343750000004 0.10825 0.009460937499999999 0.01822222222222222
0 0.46489062499999995 0.22865277777777776 0.010296875 0.020041666666666666
1 0.33034375 0.3600972222222222 0.0871875 0.08819444444444445
1 0.014851562500000002 0.3646666666666667 0.029703125000000004 0.04395833333333333
0 0.7264609375 0.10969444444444446 0.0125859375 0.018208333333333333
1 0.60546875 0.1954027777777778 0.0353515625 0.05329166666666666
1 0.7185703125 0.09581944444444444 0.01975 0.02715277777777778
0 0.512234375 0.10366666666666667 0.009953125 0.022041666666666664