1 0.126171875 0.3637777777777778 0.0822734375 0.11336111111111112
1 0.7339375 0.4626111111111111 0.1537734375 0.2848333333333333
1 0.584953125 0.13341666666666668 0.049570312500000005 0.08455555555555556
0 0.8342421874999999 0.19774999999999998 0.0366640625 0.04963888888888889
0 0.7926640625 0.5147777777777778 0.036671875 0.06619444444444444
0 0.1682109375 0.42994444444444446 0.035671875 0.047986111111111104
0 0.7718828125 0.028527777777777777 0.0135703125 0.02731944444444445
0 0.5981015625 0.18233333333333335 0.013578125 0.03015277777777778
0 0.5530703124999999 0.02813888888888889 0.009140625 0.018708333333333334
0 0.0115 0.12170833333333332 0.0181015625 0.02344444444444444
0 0.364828125 0.19856944444444444 0.0158203125 0.03216666666666667
0 0.34890625000000003 0.034111111111111106 0.013343749999999998 0.02077777777777778
0 0.78990625 0.31272222222222223 0.012648437500000002 0.027875
1 0.8144453125 0.15381944444444445 0.080625 0.06347222222222222
1 0.7658437499999999 0.013916666666666666 0.020273437499999998 0.02783333333333333