0 0.7429140624999999 0.4502083333333333 0.028296875 0.033791666666666664
1 0.5666249999999999 0.39986111111111106 0.031718750000000004 0.05706944444444445
0 0.1691640625 0.5717916666666667 0.0233125 0.03138888888888889
0 0.57775 0.44219444444444445 0.009703125 0.021027777777777777
0 0.48703906249999995 0.6229583333333333 0.0281796875 0.042194444444444444
0 0.6280390625 0.3223611111111111 0.0082265625 0.016
0 0.4461875 0.31869444444444445 0.0111484375 0.020055555555555556
0 0.138765625 0.354875 0.0172890625 0.01798611111111111
1 0.4477734375 0.5673333333333334 0.08625000000000001 0.0797361111111111
1 0.857109375 0.3130277777777778 0.018953125 0.042444444444444444
1 0.147875 0.5399583333333333 0.0381875 0.044236111111111115
0 0.863484375 0.334625 0.009921875 0.014777777777777779